967
899
153
675
21
284
904
180
742
630
168
900
180
692
857
28
416
890
455
82
255
636
667
18
318
965
759
174
599
950
749
378
248
595
418
470
411
231
604
249
22
909
568
966
786
217
486
718
229
237
409
571
115
829
565
250
788
902
518
621
161
369
318
171
525
497
111
267
941
179
639
953
696
265
236
482
762
591
337
184
976
193
375
734
935
14
254
52
873
12
791
560
295
824
345
637
387
572
115
141
109
852
94
176
241
943
569
236
725
341
590
985
953
206
358
113
508
534
898
879
408
823
617
676
126
913
276
464
828
66
898
244
90
141
724
289
177
563
861
131
29
136
771
356
189
157
488
393
377
963
60
43
747
683
952
887
435
834
453
836
621
495
945
267
242
424
860
774
570
676
506
156
291
461
821
392
84
689
278
500
218
393
510
296
126
788
834
921
449
34
215
956
969
789
765
50
555
786
87
734
923
910
239
472
274
602
620
736
857
118
680
322
986
766
19
8
911
846
179
456
567
637
915
301
343
857
909
260
8
697
561
918
757
277
750
527
612
450
698
835
451
402
848
781
800
863
583
729
759
461
290
978
330
539
106
267
221
511
577
101
205
48
990
290
674
505
692
989
65
759
525
840
438
43
676
525
781
198
537
403
270
462
514
367
896
998
197
356
1000
540
54
769
718
915
129
725
944
463
130
782
380
456
466
104
42
399
66
366
791
609
981
669
827
405
688
602
64
872
946
119
657
777
34
504
177
219
745
74
163
640
822
691
33
133
394
986
285
93
460
718
870
227
229
26
522
73
929
585
15
150
899
200
576
272
163
308
201
919
125
912
338
755
494
548
764
137
962
758
653
170
909
805
615
423
650
109
585
104
573
693
596
938
254
467
502
410
170
159
266
125
215
666
4
262
631
198
359
497
89
801
475
942
499
851
324
440
629
860
25
997
940
760
181
339
429
644
644
729
440
635
732
51
384
104
353
782
25
25
61
595
60
626
325
581
250
166
922
935
343
583
676
233
458
135
694
519
871
391
754
415
235
863
381
857
815
988
553
432
733
760
17
158
939
626
967
680
334
437
513
589
712
428
260
174
658
606
935
951
299
399
488
224
601
850
59
621
299
205
469
266
635
341
261
517
530
750
585
17
868
181
457
88
536
821
501
594
249
127
65
144
858
198
217
611
602
598
996
350
91
400
894
435
555
301
746
116
234
744
234
608
868
319
606
875
475
654
135
872
679
112
375
831
181
517
78
172
687
64
400
72
182
988
293
506
93
70
608
922
367
187
828
428
486
605
270
932
27
880
378
895
124
250
268
579
945
658
303
801
315
651
761
207
98
20
378
653
934
214
43
167
319
408
19
697
697
400
483
331
9
239
3
611
663
861
435
609
777
263
89
203
987
475
623
702
413
433
208
284
42
421
114
610
948
988
237
489
424
929
306
305
410
290
131
315
67
702
373
501
590
454
125
804
758
491
614
536
229
342
321
534
803
736
63
953
655
62
620
971
377
536
688
251
999
618
785
343
783
876
523
678
367
87
107
319
508
472
637
67
87
196
473
137
821
795
94
365
555
914
909
202
898
707
168
126
808
83
605
241
67
748
442
965
957
408
965
585
106
227
926
311
705
539
233
679
920
908
110
702
878
277
994
158
633
360
535
154
788
70
948
145
766
597
302
228
619
285
664
131
237
371
983
48
926
650
523
382
378
337
80
702
490
567
528
9
928
10
529
254
235
366
741
240
199
976
528
840
200
263
397
83
679
260
665
459
988
720
718
970
389
723
844
737
848
973
128
55
414
644
853
971
38
440
783
512
627
505
698
263
83
151
753
561
575
825
605
706
415
603
773
614
209
379
532
578
497
940
443
488
47
132
500
310
175
447
28
560
568
331
523
944
232
151
651
993
490
650
424
895
241
588
81
371
330
491
107
259
770
337
201
612
413
564
312
739
755
169
341
923
143
108
849
838
636
828
712
533
477
743
435
145
173
923
331
6
798
229
110
748
167
922
13
757
637
670
962
432
37
950
801
826
772
284
711
324
260
778
734
908
723
374
732
716
707
421
194
893
27
585
908
573
760
281
66
544
981
640
107
424
32
214
979
452
152
976
310
209
195
379
880
220
482
255
167
950
242
503
811
433
460
119
141
4
708
914
425
307
476
898
187
545
675
58
161
762
119
461
828
380
972
109
981
598
888
595
438
137
213
493
76
455
14
317
353
969
522
56
804
939
893
560
888
217
523
446
521
380
971
866
177
415
796
494
286
957
995
26
518
149
241
927
