8526
8791
3922
4684
6024
9037
4481
8989
8117
7185
6428
4308
2972
5886
5975
6311
8505
1102
5266
9082
1156
4655
5389
4496
5678
6346
97
7149
9957
9032
1243
4840
5957
9171
7179
7387
5266
785
8168
9868
9519
5035
1178
5846
6174
87
4182
5979
3321
5195
6446
1307
5285
8695
5571
7523
9789
953
4816
9644
995
805
617
6884
7524
3375
8413
168
3535
5892
622
3631
6787
6866
1530
2810
5196
6850
4790
9093
3264
1385
5221
3818
502
6549
4027
3539
8577
1475
730
5046
7210
8491
7409
3590
3725
8936
158
5003
6568
4838
2470
7388
1625
3737
4094
3754
5045
1488
2232
5340
8607
8447
8385
8317
1714
7530
2882
3652
9612
788
7094
3633
1687
8541
5439
6522
4249
542
8699
2801
1807
7055
1544
3909
7200
6502
4245
7800
7620
5552
8732
5093
9084
1117
758
116
2959
5802
8252
462
2334
6287
3046
5361
7967
1514
4337
5141
6738
7692
4887
7464
5947
2455
3757
5027
5585
3400
2706
2363
7887
9706
1462
7291
8500
3490
4060
1633
4079
3471
3808
4504
3927
8435
9070
9161
2297
9094
1056
1220
6543
4574
5439
5664
828
3788
8019
402
8005
8335
8378
1720
9373
1686
7812
3335
3185
6775
298
8922
8101
3229
6078
1414
1549
2616
7793
2525
6072
749
1297
5707
637
1733
8190
3444
7171
7571
3712
7585
5638
4127
697
393
6945
9121
8830
9991
8234
3631
4401
4270
7123
7068
1459
2683
1475
8589
3126
2851
8738
9521
3310
8843
1255
413
4422
4029
2560
9486
6300
484
6839
3473
6485
410
8579
87
8089
7181
5168
8189
5582
6184
7263
5455
9466
1356
2056
3478
3391
1545
4736
5506
3036
3192
3108
4285
8597
5980
8311
6623
994
5199
2717
6570
5149
6525
8822
4286
417
3944
4000
7151
2743
4640
577
1146
1716
6140
93
431
4887
6768
5311
148
2134
4435
7641
1520
1002
3872
5306
2879
7775
2964
319
2802
1098
790
5753
9243
1997
478
6974
7556
3769
3637
9984
687
4250
1369
583
4735
7933
5833
657
5069
4710
9678
538
6659
9750
6193
5395
3745
4037
3225
6141
8535
4293
1592
6441
8200
7895
6197
6384
8498
1607
6847
1490
2137
3239
9013
8628
921
1671
1835
5363
2375
3507
4582
8941
2730
3453
3450
7296
2067
6982
9652
9636
8040
2791
5884
7651
481
6755
9046
3421
6604
8960
9257
892
727
8971
3030
3809
8569
5497
6540
9507
690
9799
7412
3509
8386
1496
7541
1862
7292
200
6266
6587
5082
4963
8915
3555
9584
6414
2739
2251
4118
3132
9764
596
2753
5401
7121
384
4994
5067
5351
2839
9136
3853
7378
8606
9986
2748
4313
9682
6510
623
6183
9052
9602
5796
683
3683
7495
5850
4382
5612
8414
7180
8895
962
3451
1519
9826
7208
6656
3924
5680
5840
8977
5486
3841
1125
5087
5250
1983
8760
6013
4101
8043
5738
1924
1848
8630
1457
1772
1453
9483
6583
649
5246
5643
5675
4987
3587
8181
8534
9501
3059
9532
3184
6756
3861
8300
8194
5577
4105
6845
8517
4444
7810
1735
1493
5633
1585
5764
7022
6889
4015
6282
9605
7017
1401
4832
6077
2153
1427
26
9206
1903
132
2157
6377
2010
3075
7074
2043
7536
9251
8529
2804
6121
7290
7284
2618
7635
1878
8839
1094
538
8321
2398
7897
5965
2397
1778
7235
4618
9338
7978
8907
4992
3782
2668
7902
6205
8776
6709
643
7117
74
136
447
3660
1573
6417
1967
8871
6179
7483
981
5773
7492
9320
2382
9743
7766
3017
2816
7016
6033
1492
6147
7871
2122
4830
4801
6345
9460
5027
6764
2792
1359
7445
1563
5212
603
2423
681
8365
7027
4880
1179
4418
2149
1887
9818
4763
4021
7180
3853
7666
6063
6425
7810
6966
4575
5296
6730
5067
684
368
9471
129
6726
2217
9296
3694
3465
8785
2066
2658
9200
4017
1835
5928
7014
183
2399
854
9442
7204
7896
5242
3924
9171
7737
675
8596
9990
5158
9399
6795
2232
7292
2893
9036
1736
3268
893
9196
2146
3143
2728
9129
2410
8092
1970
4446
7789
2805
1286
8654
8140
4561
8093
4875
9266
3855
4610
9598
6184
23
9209
7334
4105
4088
4369
3817
3426
9333
9907
3053
7140
3972
2740
3360
452
1957
8659
5273
9521
173
4919
3554
7004
4813
9429
2624
1296
5637
328
849
908
5505
4490
8244
6108
2582
5449
9505
902
3344
2639
5331
5138
7223
7583
4741
7320
2795
5722
9874
3264
7597
1476
9856
8957
2930
838
3069
3890
5765
762
7509
6025
4397
4262
6424
4735
221
4286
3009
8084
511
4844
67
2962
101
4654
8809
3741
8074
2202
4590
7204
4757
8758
3666
9479
7032
8450
8420
2077
1569
9194
6942
3567
9692
7614
7962
9667
7162
376
9957
4191
2371
7485
568
4550
5260
6185
4253
9161
5925
9311
3370
1266
8983
3025
699
2485
9373
4811
5707
9804
309
255
5985
364
4319
7436
205
5777
5332
5426
329
6695
679
5047
4376
8273
40
6219
671
4235
2269
8185
7715
936
3374
1828
3919
8944
1812
6685
1779
2129
2261
4701
7681
8649
1829
7175
7112
6383
4089
777
1305
9299
4293
8974
7550
5116
8171
5545
3992
4567
6791
6847
8980
7238
4388
467
4140
4800
7826
4502
7927
3113
6660
5284
7120
5423
3511
4080
1314
629
439
8325
9541
7596
5098
6121
4410
7594
493
7685
6089
987
6499
5104
295
191
6275
9987
3475
1650
7052
2405
3789
6028
3354
7492
5962
4209
698
9046
1819
8136
4310
8881
1413
8977
8552
1423
5727
1955
2888
7341
6325
2363
5374
4438
6577
4467
1076
3435
2478
366
6845
997
3126
6190
9918
6789
6405
1119
6438
9448
8325
3646
7932
8300
6269
4813
4488
4260
3711
1013
183
8760
8678
577
3650
5320
4532
3925
7290
1188
3874
2870
4082
7578
457
2357
1897
3488
1455
2604
6000
2710
6873
801
8791
4529
4764
8209
6056
7107
5984
9803
6551
4928
1842
9929
4650
5249
8972
8317
1504
9019
1328
6821
2268
5581
3459
6230
4596
8226
6196
8239
2325
9013
4816
8140
1298
215
8482
6949
9162
6817
7139
8955
3309
1079
7465
899
8005
4692
1318
3556
31
1437
6019
576
7028
6505
2150
5461
3350
1261
1055
5254
8759
5961
540
9321
4715
2597
1031
655
930
2035
5422
3823
8625
3552
8960
3560
4079
5607
7567
9809
734
1407
7444
1134
5725
2495
4996
9709
3067
4185
3326
5678
2604
4136
5977
1401
3028
2647
6585
3820
7864
8130
3888
7154
6785
1590
9249
7667
1750
5669
9746
279
2336
7468
2937
7974
5589
6395
7033
436
5171
8152
6047
3223
1774
6143
7052
7962
9410
994
2225
6555
9436
126
3178
6128
1109
179
4781
1964
9685
9889
9816
4263
1092
2345
857
2266
4064
5788
4162
3166
2808
3561
7479
9558
6609
6811
873
5436
85
9226
564
8748
1921
31
8263
3792
561
3256
3081
707
1290
3896
416
9575
2453
8432
9581
4231
5878
9756
4795
3530
7646
6402
4802
9616
7814
6509
6184
3066
3458
2497
5850
7640
5862
9613
5568
9066
7746
2259
667
6187
6311
5172
1808
3081
8019
9561
9063
2098
2711
765
9476
8824
1610
768
4835
1496
243
1948
1789
2568
4666
292
130
3397
2468
852
2074
1433
8146
7051
9861
911
4409
5403
8756
2874
8232
5534
5126
1288
5106
5706
8486
187
2317
1769
3431
1816
550
3278
2180
5926
6142
40
605
9870
2931
5181
9004
6025
1747
5934
5471
9577
1347
8269
5560
463
3731
8660
580
2781
2860
8689
8993
5481
2274
1874
7986
7342
2993
6367
3899
3797
4588
7340
8486
8447
5103
2207
3050
7376
8217
5908
1741
4196
3906
2721
9941
5904
6851
7910
6626
7604
7630
8426
2514
6124
776
7323
2448
9797
1499
8289
2961
9484
7506
6133
8814
4797
703
6220
24
3299
1675
9522
9378
6615
7979
8260
9568
9973
5095
1317
3745
908
4753
583
6941
2329
8809
3598
3973
6408
3849
456
5870
8162
7431
1224
7653
3769
4816
3203
9272
1302
2333
4744
9159
2245
155
5400
6077
4318
4853
2074
5308
7151
9661
9297
7539
9583
5204
4634
8325
5623
9267
6816
518
2147
4226
8114
9197
1953
2482
7704
4966
6083
5529
1776
2035
1512
8363
2255
558
2019
9837
9804
5269
4023
1870
3323
9489
9414
4047
8524
4853
3403
3296
1510
166
9811
4144
2875
7537
1614
4197
9815
4287
5829
3556
302
1900
2848
5240
7547
9554
8784
5797
1596
9853
7241
8916
3603
596
5188
8838
4933
554
1305
1524
4605
9679
708
9829
2520
1082
6954
9490
5254
1189
6177
5270
2094
4291
7182
7331
5885
702
8750
4992
8037
7371
4555
9097
7509
3480
993
4331
9810
2058
7400
8492
8834
7400
1189
1570
2672
3267
4525
4865
9652
6217
1822
9224
3016
6270
3060
8345
2943
6798
2016
7036
5917
9021
3645
3550
4018
3320
7425
1795
1462
9626
2005
2793
6880
7641
6988
8593
5193
7438
4681
8019
7860
592
3474
4459
8199
4138
8630
1852
9617
4264
8703
9996
6264
5443
3364
4035
9389
9663
7076
3308
1456
4268
939
2675
6685
6867
9169
9059
1227
5478
1087
4211
220
9314
616
4545
6676
411
1097
8366
9709
9391
7593
6018
4136
1673
7114
2630
6
4891
8111
8713
8565
4512
9400
480
122
2140
9850
9166
4476
1870
4058
2317
5737
346
19
9198
5478
1170
8686
418
1170
4678
2990
1233
6993
785
3392
835
3725
1005
2169
1217
7044
4612
5946
1687
3093
5356
5985
3513
7196
9144
4024
6205
4132
1907
9709
3127
8051
1459
7301
7295
8252
3708
9297
8223
7889
5451
7860
9119
704
8877
312
6817
3860
5745
67
9148
6868
4944
331
6008
2032
2608
3226
3118
5883
8491
835
4490
7050
6334
973
7358
8798
3686
9815
6427
7518
1298
8283
4552
5294
2018
7493
5043
1377
5456
4099
9945
8895
280
3161
1179
4086
6679
5882
480
9619
6698
2699
4827
9656
9431
3946
8441
2441
9332
9311
9200
894
4405
4873
3960
1617
96
5729
1139
7409
2886
1684
7128
8487
4784
3026
8338
3431
8270
9900
397
2576
7820
9689
6810
3920
6527
7317
3989
1541
7642
1630
7242
3842
3009
8327
7748
3741
8681
7321
2404
5525
6220
8776
8393
3571
6868
859
3715
5302
3835
2364
657
5426
62
6694
4623
2686
6705
8321
3837
6250
3170
9410
6825
3015
9094
4177
4858
1939
8304
3658
6531
677
2631
7760
2855
3653
9617
951
9376
729
1996
3631
406
552
7128
6783
3925
9300
4939
7519
877
1940
6550
842
361
80
5686
5771
3266
4539
1475
7416
8050
503
8859
7845
2849
8539
1478
7169
7517
9030
8415
5304
620
7643
9369
4021
6263
7312
3823
2459
3223
748
1063
5537
3963
2679
2376
5588
7503
8472
5248
1821
8227
3027
3305
4595
2405
6807
7345
4593
8507
8496
7836
4946
7386
3263
8971
7651
7361
9808
1522
2668
6558
4702
4005
4898
9915
9574
6633
9363
3769
1019
4305
1669
5937
8400
8980
1727
5441
8464
4634
8011
5195
6076
2215
8719
1786
5956
6605
9790
9201
5617
9965
6110
7193
6960
1558
94
5697
8101
2334
3068
7467
7712
850
1753
37
535
1122
8150
4147
2117
1379
7463
8369
4170
857
2022
2342
129
6533
6910
8241
130
1109
8524
7473
1114
672
6788
2237
5788
3226
5487
5797
7000
1370
6238
7376
5056
4749
8897
9796
4847
3768
4115
8115
3558
7162
9985
368
1012
454
5044
48
3484
4795
1548
5
249
3121
503
3234
1402
4271
153
8433
1968
2023
3598
6488
9086
7181
3824
2100
5096
4068
6363
1832
3993
1870
5882
503
7966
7758
1982
4947
2507
9450
2830
2443
5194
8533
6259
7847
7930
738
6395
4206
7235
8247
6022
3345
8043
8050
1849
5794
4558
765
7648
4474
7218
1162
3615
5673
4616
8659
2616
4026
7542
2185
3179
8545
8157
247
7624
6157
5648
8597
2537
5366
354
5593
8301
8510
6430
4665
513
3823
8623
3726
5392
2666
2344
5917
6321
6029
6376
8550
1919
8830
4414
7856
7372
3449
4136
410
3299
249
5422
9009
4504
2269
2830
1498
4762
207
4346
5959
4790
4720
5054
4358
1303
5920
2935
4733
4416
4248
222
5659
6978
7777
6628
9173
162
4976
1491
6868
1553
4918
6398
893
7957
633
8016
7771
4936
6642
9969
5846
9652
4772
5097
4656
9100
5391
7294
3522
2616
3276
5896
7467
7841
7012
2618
5435
617
3447
3914
8839
1494
5092
7334
2777
7895
2713
5796
634
9873
2073
4673
4490
1652
2563
9218
2706
4236
1184
9832
5249
9277
2500
7192
7890
433
7611
5867
6728
6840
7898
5802
2723
5099
9764
687
3559
4867
662
3320
4178
2953
6908
8913
6699
6565
9717
3660
4156
386
3485
55
2553
9817
5534
3568
7109
9992
2462
100
3504
2481
9783
6862
9570
5256
6523
6096
8839
3495
4569
2405
4638
7043
2112
3339
2960
7081
1202
3964
5526
880
5237
3759
2639
2691
6592
3342
8337
7605
9895
2134
4511
1505
4499
6602
7689
5201
7634
3603
3995
8307
8008
2103
4378
64
4819
4210
9579
8502
5725
2961
2614
6528
2884
2743
6952
7196
7420
8297
2038
3241
7384
7852
5491
4802
9735
2779
4818
8695
889
7906
7973
3326
6610
2202
8552
3891
4081
510
2581
3546
6768
2740
3777
940
4627
5942
4371
9279
494
4836
3615
2074
1279
4229
486
220
3599
5860
3114
5588
3325
1371
4346
998
3534
7928
7254
8363
6475
6371
604
2745
1256
48
5408
8141
3295
634
1828
3852
137
10000
9200
748
4372
3637
9030
6608
4821
8605
3560
796
9895
2102
3230
2550
2266
2644
7853
5679
9687
6507
8386
2110
666
6807
1905
7488
7653
476
6493
1214
8283
998
455
3067
9051
9691
4312
1445
1610
7999
6765
9330
4534
8422
3906
4831
8458
3478
9432
7405
593
6326
4371
9329
2934
8946
4732
4706
8084
2839
5042
4216
8177
7974
4349
8981
6200
1865
4476
5481
4940
4253
5875
4081
8207
4697
362
6821
41
2827
3803
8216
6918
4660
606
6734
4706
1068
8871
2396
2311
8393
3509
7785
2054
5370
1088
3355
9232
9788
9375
2449
1933
8858
2281
1851
1877
3851
9505
2326
5468
9792
7062
1290
1587
4297
1616
6514
2844
8573
1292
5195
8019
9882
5480
4598
2757
6613
3713
1967
2630
2907
4305
3525
6242
5730
1742
322
4109
968
8527
2009
1493
1287
6962
4603
4758
2095
3206
8140
8728
5446
6343
443
3559
4226
5106
7203
8792
8387
6250
7910
6154
1037
4710
9769
9621
159
5800
7643
1781
8140
2231
8580
8267
2151
4835
7582
1720
5070
8563
5687
8447
8747
5852
8363
1250
115
5274
2617
7997
2692
3873
1785
7537
7325
2417
5091
8960
6708
9059
7726
6265
2994
479
446
5017
7742
7095
7525
8778
9678
2066
366
2494
8896
1717
4845
6028
4068
8501
4394
828
1355
4850
2719
3018
6292
4253
8464
1464
6625
5313
2102
5919
7466
6987
331
6982
3796
4238
8688
1017
672
9463
1892
1792
9498
5226
7723
923
5347
3584
9425
6327
3706
9137
355
8095
467
3301
748
1286
6684
6434
6886
7284
7423
3031
2600
1849
2712
8423
4361
8152
5184
3578
5967
3061
7307
1628
3626
6859
8370
6297
6885
4050
8514
163
3388
6511
8362
6339
1610
2064
2267
8678
2112
4915
2489
4819
9720
2973
8262
7924
4579
698
7399
9376
7517
5624
5632
9999
7896
3766
8084
2727
6748
6554
3720
2384
7882
4804
2371
6221
8366
744
5831
3588
1398
2279
4740
3868
2453
4433
2224
3134
5169
393
6005
7959
2714
3289
5931
5521
7390
7246
2088
3145
1464
3188
3119
6047
2498
7279
8731
3823
6835
1285
229
3738
9609
9781
3270
9837
8843
5330
1217
3294
3771
7394
2836
8772
2449
311
4724
4923
2248
1749
6935
6340
3927
9963
3033
1848
8512
7944
913
9725
5699
3793
7105
1104
2951
9459
330
144
8740
8176
3814
2907
1585
2164
5203
4738
6756
715
3900
5338
8753
343
1319
5467
7474
931
5108
1258
2107
5152
6655
7308
515
4535
2537
890
2557
1846
4747
5891
8214
4213
8824
2020
550
109
7778
8516
5494
6894
416
712
5727
7619
8887
4293
6115
565
7685
4158
9448
3090
6938
3651
6058
9322
5683
3272
8633
5578
2945
3862
9086
3639
3453
5364
8739
9548
5376
6851
1786
9604
5974
3595
2373
916
2616
8766
8964
8337
4465
3158
2913
4484
9326
9767
3833
8555
7965
492
9172
7931
4150
3949
7012
9771
8483
5342
4497
8764
2532
4638
7126
8506
5448
3259
4961
9437
5081
6228
5935
9475
8721
5285
5466
8852
5628
2079
4323
4963
3805
6422
1342
1920
1896
2386
9839
9928
5626
4968
899
8480
571
5556
2199
670
1916
5236
8014
3170
7299
3236
6974
3856
5598
6802
3143
6629
8243
5312
4635
5663
1359
5079
9945
6524
7580
7380
4104
8290
5041
5431
254
3524
1104
9590
268
1830
9306
6774
4741
3126
4611
4960
8246
471
9335
5775
9198
1659
8801
6607
4924
2403
1078
6827
988
9021
497
9421
2554
3310
1695
876
6516
2995
7502
1860
78
4575
7189
892
3196
9786
6744
6463
6838
2134
5748
1197
9708
729
944
708
4813
9180
3821
6230
6497
5190
7697
677
7798
9005
1306
6747
9764
9824
2439
3987
7342
8550
5485
4407
9294
1415
5450
4935
9076
7236
1356
1572
1741
6443
5249
5381
8704
4492
1237
1086
9978
7165
4760
7812
4942
4238
5202
6915
630
9603
139
9019
4279
1820
2574
5053
5292
336
6527
1387
4520
4995
703
7886
3650
8999
9233
6252
2110
5894
9356
4392
6050
8038
9734
8088
5614
7833
2220
9705
8142
9763
5769
6177
4683
2257
6012
7321
638
275
3085
7340
3522
1790
7546
5770
2000
3347
1239
6738
965
5513
3954
7307
5845
926
111
9821
4603
3584
2613
2886
8547
9542
7747
6581
2652
4396
3574
3192
2202
7322
9149
2423
6970
4059
921
8101
611
1063
1679
4902
8870
2918
209
1653
2900
44
4134
9948
112
6383
2978
5331
7736
7930
5000
8627
2523
1888
6892
1262
2308
8937
7337
5965
7673
6735
8978
1105
9622
3151
8827
9616
941
568
6667
5765
1265
4573
5341
6652
979
2299
1040
4252
9075
9261
6643
7953
4576
2580
639
393
3169
3169
2555
526
8133
6729
8343
6812
3326
1812
8412
3815
6914
4794
5677
6454
8288
1379
9260
6341
3677
3324
1175
5121
1211
3235
6388
9469
8697
8766
9857
5500
374
687
8278
3540
3894
2081
7500
3175
2690
3648
137
5304
3166
2513
3038
4580
7110
628
7725
355
3671
3378
8628
9465
608
9565
2799
2723
1389
2696
6948
806
1781
4487
3944
8404
2423
4527
2426
2533
3743
5664
1416
6457
230
62
1505
9830
6747
219
450
2724
4154
4666
2204
2013
4447
8174
1050
1773
3321
4576
2581
6554
7637
2297
9572
6852
253
3753
6898
9725
7296
6186
5792
6101
8153
3214
1577
6069
3597
9167
7373
9233
9296
9098
2244
5758
10
9359
1899
4779
4433
9013
1278
9462
7210
9922
6620
2138
5921
2937
500
6663
7578
7671
5887
7874
3519
4341
7626
2493
1678
8566
3706
877
4419
5109
3579
6642
5269
3958
1878
9627
320
169
4373
5438
7381
7596
2884
2444
3473
1001
4476
7820
1123
4325
250
5522
8127
6737
8666
4026
616
2553
7064
7995
6834
1919
9448
5289
9468
1508
6250
5206
5321
6316
202
6699
7357
221
2071
2255
8854
2357
6786
7801
2186
8077
8058
6573
8339
418
3334
3567
6118
7116
9531
9174
4744
2815
1883
8695
5938
2709
4143
5778
8636
925
6223
6864
621
8260
9271
7606
5971
4898
9069
3918
2468
263
2
2128
5412
3937
1598
7942
4240
1437
9915
6488
2144
2641
724
1366
2043
6945
957
7736
8708
643
1560
7478
8885
4001
7073
4038
1385
9751
9937
380
4383
9879
5091
7634
9075
2298
4551
5369
6384
526
1466
9771
3915
5778
2353
2609
2873
1796
820
7790
1958
8714
7802
7924
8704
3359
3173
2068
1506
9090
1400
6769
2513
5445
528
7333
678
57
5637
8361
5096
4236
3700
8499
5243
3108
6313
9280
4962
3376
7234
1621
4809
9303
3720
632
3126
1805
9915
9355
6477
9489
8787
2350
3620
1663
3379
7181
7586
563
1369
5261
2551
3371
4100
1896
1070
8028
9992
8278
4422
9667
2824
4234
2497
1802
6877
2098
8588
8198
7013
4296
3042
8634
8763
2207
8025
9552
2066
7798
1709
1282
1223
7096
768
4757
4756
5858
4911
1618
1220
9194
8428
5970
3920
4348
8279
9190
7746
1736
5049
5602
8640
3245
1503
6112
1191
807
600
5808
7283
5277
3260
7846
7486
9857
7761
230
3452
9212
3466
8509
2525
7064
7775
5825
383
5607
6634
1957
733
7116
6625
228
5400
2089
8310
6050
8286
7791
4263
9136
9450
3071
348
5432
3185
5477
522
658
70
6173
5358
6225
9785
8145
6406
8954
851
2223
9211
8400
8273
2007
6738
8968
6686
8186
7917
8584
1229
7927
9470
6769
3414
359
543
4967
1204
5492
7713
9340
4627
5107
2462
3438
1806
5289
2376
503
9774
5648
5592
4385
5655
6190
5151
8758
8320
7809
2284
4327
6126
5508
3526
6075
4494
3994
7303
4772
3453
8982
7047
2355
6189
1143
4063
637
917
8074
9009
6758
3487
1091
7468
1955
3546
2612
516
7573
9597
2656
6360
5882
5111
9937
7836
1994
7767
2084
715
1055
5465
6648
621
3848
3202
3954
7456
1653
2765
6866
5259
3432
2102
7755
6653
7272
4876
7865
6676
1089
1160
9269
5721
2825
5008
8273
7637
2091
1184
4059
6766
7123
5537
5470
4018
1404
5030
7944
7057
3789
7287
560
8615
2524
9932
1502
1466
5815
9577
5725
9980
2981
4256
3787
3583
1656
2222
4469
3811
3647
8103
5004
2968
2248
3261
4262
2457
461
9185
5705
8094
8999
5488
2673
1455
8363
526
9641
4087
3357
5708
597
4602
4440
7942
128
5027
8360
5995
3192
5279
3212
3515
3639
119
225
7869
8328
139
1458
9582
850
8736
695
2601
1289
2300
8516
9868
2499
6575
428
1123
6422
3800
8957
5386
7486
9586
7283
5306
7221
7093
942
3105
8630
7583
5245
1356
5276
446
9928
6341
6111
9530
5898
3466
9073
1984
972
2134
6403
2473
5230
2914
5460
5679
1039
8221
3981
679
9052
6032
5664
8723
408
874
811
6319
3955
9839
2466
2570
4925
8477
4772
6685
7915
6706
1972
7177
5171
4631
4994
8157
3196
3619
7760
5194
1082
9571
9189
6473
3892
7617
5889
5635
7619
8107
2944
7337
5441
7836
6998
1795
3007
4456
2703
6762
8234
9191
407
7712
5664
2463
5046
1394
7462
1690
2892
6314
2492
582
8379
4963
9107
4432
8981
862
9620
5184
2380
6653
9368
2499
5627
5413
1337
1190
9142
1432
4416
6423
5076
9658
3718
3662
8594
4418
2434
2896
4094
6045
6169
6138
6796
1088
1470
928
1365
9929
550
9842
2463
9498
6764
6540
8187
6197
7197
2260
1524
2306
1533
7751
9143
8446
3414
3793
9088
8108
3828
5088
6098
3219
6838
3588
8551
3645
4758
2063
9197
8302
8208
2687
112
7942
3901
6558
5327
7830
284
3258
2989
7147
1073
3217
781
2541
9847
4516
8424
4399
2247
586
8387
6875
4290
7127
1605
5074
2212
7835
4331
7592
8534
9943
5166
4990
8255
9878
5966
4973
9507
6173
5879
747
9751
833
1011
3945
8606
9126
6087
9156
2843
3088
4196
7349
2737
3349
4180
359
9093
2956
1797
9476
8608
2014
9105
6144
3008
2902
1192
9363
4384
9191
8491
8178
5529
4572
2490
5060
7189
3339
4323
9005
8973
9734
5578
6222
1446
9413
919
9082
3925
2779
9318
1300
1649
6537
4085
1072
1191
6491
3348
4631
3284
3486
8871
6326
2506
655
4826
9506
2436
886
5202
7667
1374
7568
5184
3810
9479
1019
3657
2936
6787
1003
7551
6906
1642
6961
9734
9685
3136
8297
7616
6991
5574
2218
8123
8469
1653
6560
5506
5195
7420
4780
741
6041
4170
7827
4410
6531
9185
7808
4434
1390
3698
6182
7550
6515
3182
9930
8031
3301
8509
6036
6118
1993
6175
5290
2731
2983
8754
3183
5164
169
489
4260
339
247
9385
2855
5263
708
5506
3567
9025
5900
5563
5786
9207
6098
5237
961
4405
5366
1345
2740
9860
8239
1807
5520
9549
5782
1837
7640
7261
6190
586
2506
5896
9843
6627
1284
8595
5586
4354
8815
7572
9128
8714
1897
3221
2519
5930
7123
2744
6982
1365
8365
266
4987
5463
8860
7486
7368
7130
786
6283
3798
6027
5182
4901
5994
769
1244
6660
323
6512
8375
2287
7537
4811
22
8704
3314
6534
749
3055
5596
6431
2010
2699
7993
6326
2285
2088
9086
2614
5283
7381
6444
1773
4705
1180
4176
9074
3751
4665
2130
5277
840
3871
9252
7277
6096
4758
4105
5037
7674
5355
1592
8607
9369
5806
314
8511
8622
237
9815
5293
1552
4100
8759
842
910
3805
6235
4909
4331
6416
4486
2300
4826
5266
409
8718
6430
1725
4910
2237
4677
436
5080
8202
3188
965
1267
9878
9551
2259
3736
259
5905
97
1308
1381
9197
542
1469
2563
1841
4649
9714
6051
2624
5457
9379
6039
8496
5900
8104
6588
9471
1219
9334
6222
2299
6979
5838
2405
2781
4815
1294
7096
4410
5131
475
7494
6984
120
9384
2230
85
3737
137
8305
5904
2982
6174
9859
7376
4642
1635
2155
4979
6540
8848
3754
5239
5655
4890
381
6024
5025
4125
1514
3608
6110
6715
5897
5148
3921
3148
7107
6141
1831
8660
1348
5529
4854
6477
4885
2238
5868
1619
7326
6718
1194
3831
282
9887
8421
2365
2568
7029
4087
6863
5594
4474
3673
7926
7362
7609
5113
3356
7610
2889
9735
82
9747
5441
5959
856
4899
7405
7809
8642
1997
7301
1673
6419
795
4025
2211
5824
8179
6139
1632
1423
1542
5226
3499
5451
2885
2408
6824
7511
9266
4946
4104
4113
4130
5910
7097
7028
8179
6354
941
8280
6240
8017
7825
9153
1510
345
4819
4647
4240
7716
875
8781
4539
1645
4217
314
3395
2912
7827
4635
3290
905
5906
2396
1780
2978
7908
8230
3968
4117
6167
2150
1456
294
7213
2115
6325
5585
6929
7069
2609
1078
5104
4720
9067
7327
3978
8334
953
3279
9858
8376
6471
1295
5507
4965
5108
3489
2805
5608
1853
913
9197
8108
5251
2511
7709
9032
6507
3025
1479
6433
7182
7177
190
9122
396
8406
4907
3289
2007
958
1080
9458
5605
5777
8014
9690
8694
5395
635
702
6310
9396
3967
7236
5976
5945
9348
6098
8483
7739
4830
5461
4530
1878
1461
2564
385
1216
151
4546
872
1212
2395
9685
2464
827
9015
9607
8233
7428
2268
9967
197
5469
1460
4801
3699
7543
4163
7256
7660
1548
8072
5579
9902
6799
4741
619
9734
5839
8610
4373
1545
2059
8775
4102
2969
1107
91
1916
7487
8461
4110
8418
3896
6206
1766
7144
1370
8780
6982
5510
8238
7924
8719
3779
686
8226
4029
4806
1613
8806
9428
8075
8362
8142
8870
4797
5055
7885
7157
8501
2687
7078
4499
7814
9219
8067
8553
9721
9597
662
592
3916
5277
2007
1381
8470
5170
4891
456
3379
1892
1481
4083
4910
4323
196
6529
6184
1950
3829
3342
9845
440
4942
3387
3702
2168
1529
5699
9325
3250
5621
4124
139
9445
8455
359
3327
8058
9984
5484
6359
3560
5595
4710
2118
3159
3994
6580
3266
5667
2862
9065
9695
3117
3706
2445
7636
7572
2895
5863
1746
6333
3155
1617
91
4471
5970
1510
3180
8756
8463
993
8718
3387
3932
6209
2044
5816
3442
1230
126
4853
9763
5625
4564
1745
7448
3452
8877
5216
155
471
8576
2709
2357
8989
5962
659
8490
5533
1378
173
222
3431
496
4553
2450
2192
457
857
7871
5411
1846
5559
4752
6425
418
2407
9632
9229
2898
9968
2188
3724
7809
7240
9592
2719
1978
2946
1484
4813
98
5355
2378
1270
5792
9398
450
4819
2688
2009
2101
2853
4980
2116
6588
4965
6369
5076
583
3155
1527
4221
2106
8449
8974
7085
852
9870
2858
2768
8602
9207
3015
4525
3108
1438
2413
2834
6658
8255
999
4649
7243
8789
9837
1901
7521
5525
9548
9055
3308
3073
1372
5845
8299
5452
990
6903
3859
6656
6443
2034
8410
4190
8631
870
3758
1847
7647
9805
9584
5299
8400
9652
311
7850
840
9386
2653
4501
8207
7890
3839
1779
9021
4050
4537
4701
7394
1937
4531
7623
1112
4091
1015
9388
2716
964
7608
6499
1739
4000
5211
1942
5279
853
8890
1683
9808
8013
8242
1792
3992
1157
8058
5372
171
5265
819
6777
3987
4298
3609
8559
5394
6612
2226
6734
8860
4021
985
5827
9165
5080
405
2662
8588
5586
8368
8451
5807
642
6268
1761
3229
8302
9216
8562
5545
1795
6989
4677
5153
8159
5351
6080
9269
3486
7205
8645
3079
1882
6287
4185
1179
9642
2796
7919
9205
3598
3369
66
2578
5863
2943
5208
2186
2446
7357
1257
2732
369
4702
8328
995
644
1733
5282
7241
3607
9740
7510
5073
3555
5904
6791
199
4918
1064
803
9464
2729
1369
1365
1904
5705
8962
8025
2730
4459
8804
5037
1099
7057
147
6008
7285
2963
3309
5218
2048
3028
730
1809
2993
310
2065
8685
7572
6411
3603
2486
7705
1862
9372
326
1302
8707
2461
1358
8572
2578
8273
2844
2987
1342
5904
2318
7945
2242
4898
1181
8980
6892
7468
4997
7200
816
4159
7137
5724
6620
1958
6271
8868
9262
1889
1871
7680
6456
8677
8167
1976
7273
7967
8923
4488
7879
5867
3304
2455
1171
7016
9793
5832
4817
689
6811
4082
7329
1166
7200
589
3280
2952
3590
3252
9618
505
6008
3312
6425
8913
27
6567
9862
9298
2360
8962
1738
7189
3749
7527
1490
2071
8198
9931
969
8401
8111
6096
6999
8638
9094
7242
9676
8050
4304
9594
7407
3390
7275
2856
8828
1924
7389
5568
9491
9907
1799
3233
9712
253
1660
4240
9443
7810
468
2215
8900
4733
6027
2460
1159
901
6702
1076
9636
7526
7582
1922
6139
1287
1919
4166
9950
7638
3766
9215
5850
2469
9986
4635
8303
5840
3780
5806
2915
5254
4600
4270
7867
8380
4383
6664
2512
8462
8563
3168
4183
6900
4910
7965
7323
3720
4066
5239
7493
3453
7048
1605
5992
3463
2557
1661
5563
6059
721
6433
8862
2551
9379
1728
4453
3972
9295
7787
8824
4324
1858
7501
561
1019
8160
9957
1179
422
8299
5304
1897
788
1117
8262
1526
1563
2456
3442
5812
4153
5177
5170
7838
491
6713
9386
9369
710
2721
2013
4593
8020
543
3291
3574
2829
2517
5895
5941
7109
4315
4078
9441
4113
5259
5514
3632
5584
175
634
1511
8946
6404
5396
940
8263
3167
3453
7366
60
6573
2030
7930
9962
7788
2216
9810
9163
3328
9087
6952
9883
3531
2648
264
7709
5163
2600
1383
5109
8004
1791
2148
3014
3089
4721
1538
9640
119
2011
4584
683
7120
3432
8164
4903
3338
7486
8786
7475
9535
8454
7756
162
498
8136
5031
8675
374
1751
6587
8702
4608
6374
373
385
2242
857
5384
7736
1112
5053
3450
9407
9084
4019
3386
5519
8496
6558
6397
8901
8019
4385
3133
7127
6893
157
1692
1533
7822
9645
1849
6728
2576
1025
8799
4654
7180
1921
2312
4151
4207
130
7454
7372
1587
7264
7205
8514
5356
4033
7178
5320
8672
5465
8245
3655
6803
4902
7405
2749
2693
3106
1052
878
9049
6237
7097
342
9828
7919
4766
4770
2313
9391
2888
2016
8683
5925
9856
1738
1696
7510
1094
3845
2750
3131
5945
2706
3205
4976
6732
1128
4431
8959
9814
1724
8802
8282
5517
7310
8130
1969
6927
1911
513
487
608
5279
4587
692
2865
2997
2504
5471
6762
7805
3870
482
2716
9552
2425
3274
8653
7884
8472
7842
4456
8391
30
5613
1083
1849
114
8391
8727
8384
4186
5113
7573
2975
4959
3588
1567
8688
8835
842
2683
5927
9623
250
4996
1661
401
5904
2560
1907
7037
3527
967
3633
1771
1862
1422
1502
6279
419
1775
6157
3783
4065
2749
7442
1426
7687
1449
6257
9818
5213
5079
7932
1080
2026
8533
1168
5278
2621
1278
6303
2716
6173
3877
1102
1823
1672
2672
3413
9748
3637
320
6770
1
2981
7482
244
8060
2001
2208
3723
9605
4588
3600
9853
232
6543
6075
4368
5093
4549
4291
5889
3952
5068
8728
8037
7413
4505
2265
9366
8402
4729
3315
9334
9688
6079
1594
7743
435
5203
4444
4262
9944
8795
1453
7474
4108
1688
3201
5231
7721
1664
3120
8593
317
2101
6209
5416
7554
5627
2380
7332
2696
1409
8747
8449
2235
3681
6128
3550
7866
6844
7508
8689
4877
5690
2321
8211
4510
2681
46
9106
528
8292
2212
1943
348
2970
7048
1734
2375
8157
839
9915
5945
5461
8462
7021
5825
7716
2439
1472
7403
4094
4415
1456
6582
3248
8309
3625
9867
9440
5097
1298
547
8523
8019
314
4704
298
5479
4157
9866
1484
9029
1071
5137
7619
577
574
1217
2675
3397
8765
287
3274
161
8378
5684
4710
4790
8826
1390
6512
2746
914
2710
7259
3138
6076
1342
9251
5681
5579
7239
6603
8622
7566
5035
860
1025
2659
1757
5234
7813
7742
2030
3809
7083
3177
3406
8264
8744
625
8902
3913
8120
8462
7449
9062
5625
9258
2990
1545
2964
8419
3505
9199
9703
637
5429
8694
1503
8220
6049
5464
5788
4664
9881
5990
9588
6481
3790
9826
8844
3364
9351
5323
2543
4587
7947
9214
3472
185
6714
5408
2523
1076
5110
1077
4440
9922
7307
5453
4375
429
9099
7635
943
3565
240
1166
4698
6984
3079
7668
8895
523
4107
2886
6796
8950
7151
1981
3503
6998
1571
6919
3642
6334
9249
856
2791
8744
2880
9491
5311
213
6415
4163
4134
1067
3191
3411
531
2637
7894
3820
9935
3110
8961
7920
447
2266
4023
296
7703
9977
3348
4643
5838
3991
7930
4961
9643
4377
6271
2046
8006
6522
4008
1964
8993
2681
8672
7541
9859
3857
4994
9446
8774
1618
8489
8772
126
3136
5589
5415
6236
1122
8162
3599
684
8163
3058
8186
3486
2595
720
1100
8504
113
9126
3205
836
4099
3961
2437
4976
9116
6276
9889
1627
8399
8805
7049
9685
6221
5125
2849
6529
7548
9819
2633
5559
795
3120
867
9410
3982
342
6679
8356
8521
156
208
7971
7602
1551
7575
2111
2756
7103
7341
3502
2504
6470
2134
4339
9274
3564
2235
2939
2511
3593
8463
5180
9879
8667
9341
1672
5124
2202
6122
570
2717
1886
3117
1966
1126
2414
2645
4382
6926
7352
5428
652
2712
9332
5963
24
8192
9755
4406
3432
9123
6590
5448
9525
2521
6784
4192
5530
1122
1497
1909
3251
7253
415
8306
3463
6586
2844
3763
4482
5793
8074
2305
6701
4653
7680
5358
1966
4447
2754
1967
1057
8582
5440
8218
6854
9608
95
7533
7353
6703
1114
2711
350
7843
533
1605
4823
8155
5490
2224
4522
7135
7237
8309
3830
8080
4968
6751
1015
8260
8366
8774
2404
4407
8485
8741
8120
6850
7053
9510
6189
2011
8488
3111
7279
761
1619
6445
1247
2340
4407
4460
7199
2543
3454
4616
6524
1681
7745
4892
4216
6109
3106
3144
2021
1723
3150
8712
1012
8239
4299
8187
9621
327
2900
6571
9566
5352
7608
6665
9389
8182
8236
7179
8314
5433
8483
9008
1695
9071
7669
585
6606
7660
8191
6552
7678
2693
4213
8390
7814
8561
5225
1659
9195
89
8038
7691
9010
292
7272
486
9794
489
2661
7276
3757
7322
2129
4921
4487
660
4742
4622
633
7986
9751
2659
6309
8742
4075
4491
4032
6194
9653
8683
9395
4391
3366
8996
496
4968
1223
6082
367
9685
4962
7000
4154
9637
970
6171
1995
1686
1494
7788
2612
6815
1603
6253
5571
751
8372
7360
9512
8035
1544
3616
7009
5248
2033
1850
7293
7622
2699
6969
3787
1960
6276
4289
7156
9329
3825
922
9611
1092
2527
6658
1634
4309
3893
453
946
4766
3496
5035
3083
1557
9741
4712
2554
1615
8191
8442
8332
2740
2521
894
1326
8178
6123
9441
8424
4657
2726
3510
3063
1184
7261
2560
4109
4438
6108
9431
9857
6735
3009
9381
5085
56
3114
1004
6783
660
3590
990
6439
1861
3509
4709
1187
5264
2654
7436
9774
9400
9151
1331
1835
9633
6420
8425
2529
5212
3182
8508
6836
1594
8048
9828
2821
353
6473
3605
7241
4804
1974
7848
7577
5435
857
7376
9021
8255
5897
6154
3012
5162
5460
8248
6914
3461
4115
8876
8717
9555
3586
5253
7755
6924
1904
4765
7550
1582
7979
1527
5376
5624
1094
9910
2770
6671
3246
2857
3396
5540
7042
6490
1956
5923
8992
5681
7362
9281
6978
718
1102
3482
5087
8892
6978
8894
8782
8447
3325
4488
7003
2475
7429
8418
7607
6863
4962
5478
1879
4918
1767
4749
9642
5208
513
1611
2208
8576
5126
1407
4227
3855
4028
53
776
9404
4542
2098
6862
9629
7507
9530
9887
6429
544
8464
6299
8470
7668
5179
4421
6378
3767
8925
1696
9030
3881
4535
9352
4703
5318
9654
8895
3827
161
5052
1786
9090
9455
3178
3469
4921
7917
6184
4191
7505
920
5027
933
2539
708
1647
3923
8118
8957
8729
7424
1611
9028
3781
4173
4227
4231
7347
250
3170
4289
4426
4746
7285
2574
14
694
1834
5820
3661
35
8213
9692
9668
7334
5207
5155
9817
751
6090
6943
7948
9102
5093
9080
3134
1033
9082
8677
1534
6552
1613
6333
5918
5331
633
3233
4350
6144
6743
5722
9120
7166
9381
7515
1577
3509
3623
7860
2734
5284
5777
269
7671
1638
3348
9094
4209
8763
7508
8682
5726
1148
5310
7357
6502
5130
8206
8607
2726
8991
9250
4497
1205
5893
6401
7874
434
2389
7328
6312
9397
7897
9071
2628
7612
3378
2652
6323
6671
8658
5760
893
6872
3338
1502
9033
2014
6094
3753
3302
3425
2426
1101
3113
5092
2346
4083
6840
7393
4904
1795
6451
7972
9763
6881
7641
1031
1318
4407
6246
4009
9187
2920
921
5433
9456
8479
8888
1723
9316
4055
9721
3350
172
4399
2478
6573
5632
5069
3856
3756
7961
2458
2589
2780
5559
9336
6683
5093
3242
4144
6642
587
2842
3105
5717
4685
9250
8996
8602
9355
615
1164
3537
759
9988
9609
5303
565
1482
2670
6626
9266
8617
8134
2020
1009
5260
2942
1867
9839
7584
6540
9811
2525
491
4569
1271
4243
1604
7690
9355
9726
9033
6150
6951
6934
9099
753
4508
260
5222
5707
7218
4423
857
4226
9965
3608
1251
1382
2807
5325
2216
3039
2364
1453
2411
3117
623
6191
6405
372
2596
6799
1336
9541
3635
8144
6957
74
9779
290
4165
1669
8103
7305
7565
9547
7921
8438
8300
9157
7492
3097
3333
2963
5690
9251
6437
9647
5355
1940
4265
3412
6531
3163
9435
7756
7714
2569
1648
7713
1137
9055
8536
3468
9020
900
3989
6145
2054
6155
1512
9157
7896
5866
9228
709
7083
7204
7547
3431
1758
2725
3170
3449
8277
4705
7729
2616
4736
9278
6513
7729
6626
295
1787
5602
8576
5314
8106
6636
2261
6568
1392
6853
9643
7776
5306
8561
1573
58
5838
6278
7082
9748
1398
1352
2996
7063
4328
4111
6057
7437
9025
9289
7866
7162
9740
1091
5843
7532
544
2093
577
6041
4136
4675
8755
4242
553
8754
1411
5185
7233
1491
7034
7924
7686
1105
6577
5976
6215
1686
3574
7259
8328
1172
8729
6573
2105
4114
5631
345
401
777
2615
8736
7423
7038
3361
7436
4449
4801
56
7181
7450
3701
643
7023
7034
8416
892
4919
3549
5009
4058
3388
7037
2541
1508
3169
4527
8753
2178
9122
2874
6824
6902
3211
4003
7213
8694
6322
3628
1894
8291
4708
2570
31
3918
1449
8532
2820
7335
4207
7191
5380
1243
6182
4234
2233
6512
2738
4588
9233
6041
912
9967
3032
5561
5906
5528
6226
7983
7875
7620
2288
1264
6551
2748
3851
5847
7907
8763
5443
4204
6469
1440
9131
3752
4728
5993
7585
8381
6068
7524
7289
1746
276
4068
482
9753
4027
3799
9806
2920
58
7853
5073
5435
469
6869
7410
9775
2927
1223
5331
1900
6170
7864
3684
607
6411
279
9654
5141
6223
6865
2888
917
1073
2418
8620
8170
7310
6765
6605
1212
8519
858
9530
1374
7845
6224
3511
2163
7195
1716
7768
9343
378
6214
9762
1249
8446
6016
979
8923
7481
222
5623
7008
4511
7846
9562
19
3260
2381
6492
1325
9406
5072
3637
7248
1743
3042
1422
9306
5396
9512
5755
6197
1874
2580
8478
5341
2337
2207
4523
9314
8485
4945
2308
4237
5244
6069
3723
9028
3029
1533
479
5090
6682
6739
3830
2188
9025
469
3861
8266
704
6293
6684
3809
6995
793
2985
9517
5128
6944
7254
8461
5409
9905
2991
6
621
1232
3930
3192
1325
3222
7986
5695
7713
3938
4923
5347
4913
9192
9456
6584
8739
8058
73
7181
7744
6002
7584
9445
2033
9542
3632
1227
6596
325
5516
1937
9947
6563
7314
3123
1794
9760
9129
7822
102
3834
6298
1150
807
8980
8762
2621
565
2855
1961
9717
9090
4375
2381
1887
9285
2774
4905
5773
7859
7162
9582
7797
8679
7411
5142
3246
3839
8734
7838
7246
7079
2992
4316
4644
9230
5846
3932
5194
436
5766
2304
3506
6790
4375
2896
5417
3859
7839
6296
8227
5376
3806
3296
5845
8464
1028
2766
5413
9008
7654
3009
9779
1625
7393
2870
4212
9168
1586
8942
8147
2379
2541
3758
4005
5794
326
3174
8283
9982
1307
8431
8511
4434
7390
3320
4011
8697
8508
8003
5728
2939
10
1060
2110
7970
9292
5675
2773
6077
9440
4892
3353
3488
1049
2655
6724
3574
299
5345
6692
1837
4823
7726
4628
8439
2985
8987
7454
5349
444
1764
460
8930
3275
6603
3233
8933
1447
3232
1972
4554
6231
8455
3622
79
904
2827
992
4444
5604
7075
7388
2069
4139
6473
3841
4278
1406
8862
1814
7224
2012
8494
1221
1930
3567
3809
687
4873
3484
2259
1009
3171
5030
4400
8691
7743
4644
4698
349
1157
7510
8930
4210
1922
9428
7993
232
835
96
5657
7695
7498
7179
399
9702
2330
1645
4466
4545
552
5640
9618
5178
377
4943
9414
3606
1691
3107
9793
7865
8250
2832
9170
8418
914
3757
7170
6477
7931
6485
6550
9387
6173
1336
650
752
8642
9973
7797
8254
4565
3540
7400
8371
3536
7484
3101
2216
4265
1865
8014
2929
5707
1465
9769
9136
989
8674
111
8871
3231
2230
7885
9729
5337
9054
9042
6102
2887
3463
8026
1275
2607
1670
2635
6278
9361
8177
1110
8836
3940
8326
1537
6695
1818
6878
8781
1080
3337
3710
420
8015
9435
7955
829
5005
7773
2842
7061
3421
2709
3207
9093
2700
9938
8221
5663
2954
8175
4506
1333
6938
4505
5366
1035
1880
454
6205
2232
6390
5632
5002
1176
621
5270
8825
4371
4927
2334
9936
6804
9982
740
9436
4001
7277
308
667
8590
157
6133
5011
5871
5259
8569
185
9317
131
366
3199
5960
8413
7434
9311
6101
9638
1419
9299
9825
1490
5911
5496
3100
4221
5103
7097
5812
2107
2340
3036
384
1344
7806
9483
7359
9883
1200
4855
4445
9363
621
1635
6807
2227
900
7304
4405
7939
906
4673
1185
9126
5781
8979
2110
5275
8831
6124
6573
5178
3853
8917
3888
4722
6366
7099
4709
5839
3314
8326
3240
816
8635
8246
6311
1109
5099
3189
400
2003
6245
6853
8707
7149
3539
6348
1426
3153
1873
2984
9413
5518
59
7754
1355
8247
9362
4755
8983
5114
2619
8085
5980
4487
4366
4420
5028
7739
9837
2112
8655
1676
6423
6512
2663
5205
8209
6826
212
4421
813
8015
3129
9138
1962
4027
1238
9298
1770
3147
4927
3315
954
4140
7831
5274
5221
7411
9200
6663
4793
5764
4153
3260
2793
8903
7762
9894
3821
3877
5470
4457
1129
6443
357
3748
3734
1977
8171
9711
7945
8868
6317
4738
898
752
2739
457
5972
8028
8966
535
7242
1434
989
5748
1382
7297
7140
3431
3387
9866
179
3877
7185
4441
1879
5195
9510
3182
8163
7168
82
4379
282
4384
2666
7377
1068
6504
3702
7018
2550
692
8601
254
7735
892
7980
1076
8097
2009
4392
3422
9340
8972
8553
6425
7174
3174
6505
5976
690
8639
7413
1412
8277
5872
7733
3692
1921
1407
6580
8810
4232
1936
603
2116
6891
7945
4407
8877
591
4666
7441
7961
7208
3685
4986
971
1109
6138
5010
4469
6634
8579
400
2475
6449
7395
7697
9353
1375
4795
7410
1889
9090
24
3115
5568
6143
1483
3944
3031
1182
4242
1768
4418
1475
8268
4254
346
3506
5107
3090
535
596
5503
3222
8786
2278
8160
3840
1172
8438
9860
4757
6059
1689
3061
9488
9852
6352
9546
4617
1256
910
1039
9045
4136
8074
902
4552
4300
7609
7172
2781
8473
4136
1810
9145
7778
3455
7773
8404
3911
6739
949
9880
5256
9370
5499
8295
4434
5744
4556
3736
8147
9338
340
1954
3646
814
2427
8991
3952
9341
4246
3761
1918
524
7895
2098
9247
7147
5476
8923
1438
1058
1378
3664
5310
5132
9790
1308
6414
4083
6501
3193
1487
7515
5308
6354
6098
265
4828
1990
4008
8261
468
5247
3818
4999
484
8525
98
1151
6885
9154
9537
8896
3270
2756
3197
8778
426
7119
8832
377
3248
7066
3220
7322
1144
2977
1683
7052
6466
4645
8140
774
1767
3483
4534
5718
9429
8221
2306
1226
6224
1646
576
1652
5449
1507
6219
2267
6312
9598
3173
8578
1570
9535
3824
4200
4145
795
2776
6521
2988
2378
4328
939
5085
1645
2779
2383
3533
1983
1162
4602
1997
8583
7503
1295
9165
9180
1635
7425
8883
2261
6598
3472
1603
4522
9922
3444
8490
6071
4640
101
318
5358
5998
7401
5079
968
9227
4730
4030
9565
980
8229
3657
3996
2675
156
6308
5210
9671
5077
9364
5773
1308
2341
1442
5455
4783
3093
7536
9520
7267
6898
6524
6880
732
7129
7827
8767
4490
2269
8146
9209
8794
2958
1748
2382
8528
3017
3441
598
6991
266
8194
9157
4108
7246
7421
5398
4972
3328
1107
3041
1204
4095
9919
2381
5987
724
821
8200
8649
912
8815
7363
8969
9012
4950
3979
2898
7496
4914
6082
4843
8227
7916
9185
426
1382
4625
5706
6722
824
3001
5819
2484
2529
6000
9580
4556
2585
3674
7863
7147
8356
1867
9245
7895
8582
7941
6471
4825
4178
7069
5449
9906
5773
2813
4532
6986
3597
7627
9758
5537
1416
2985
1928
320
8886
2103
9533
1042
4196
7221
1365
3469
3116
3976
2934
8836
9485
2012
1680
7299
6586
9224
1491
712
860
9259
8177
1711
2291
3908
7134
6156
1035
4422
4063
6559
1886
1894
2157
1860
4070
3134
2008
6187
492
2151
6276
7174
1880
3552
775
5941
7675
173
9228
9959
1462
399
928
5526
6846
7383
9407
5494
8237
5836
7979
2446
6971
4221
9685
158
5814
8381
6676
5415
4139
4641
4956
8451
8890
6726
316
6003
4941
6427
7206
1266
3935
525
7988
296
7118
519
396
2130
7617
3117
198
5395
2204
871
4542
6308
722
7272
2459
9159
4109
2618
4681
1731
1040
4020
3865
8828
6966
8526
4153
2607
429
9382
8377
2466
9050
1496
5583
6495
5629
7973
8811
568
7103
5651
510
2889
8189
2631
4573
1749
6378
3114
2745
7224
5962
8785
2252
5420
4955
3222
1626
592
9447
7321
2757
5382
8718
3735
656
4278
3869
886
7070
2075
5051
6729
8523
1054
9016
7788
6725
475
3730
9593
2781
3621
8568
7709
1159
7181
6309
8178
6230
7089
8057
3030
3263
3492
8562
6497
6461
2379
562
519
9780
1280
9380
1461
9009
5279
8465
6441
8533
6437
5025
5660
9787
6784
6013
4788
9627
6894
8596
1115
810
9585
7125
4137
1830
9580
7835
6887
9095
9102
9661
2955
875
3317
7528
1849
1599
1992
3201
1043
541
6036
2032
6445
2642
5872
263
4828
7076
5228
2965
5341
4739
5843
5804
3285
1576
4100
7959
5138
39
578
6618
7523
8846
4472
9683
1003
508
3930
3
7642
4038
4560
3062
8427
4246
4749
8629
4135
6075
6203
3470
5845
6547
6360
3087
4464
7264
2041
5968
3284
3736
7163
5167
2930
9210
830
2200
364
549
8167
4235
6078
9342
5966
6929
8515
8156
6995
8937
9219
1845
7123
6470
7862
5548
2854
7012
7773
860
1939
4264
6190
1333
6589
7092
1515
511
9792
6360
9765
9345
1035
1908
4820
3273
1917
4898
133
3877
3041
9579
5395
4064
735
5995
809
5349
5772
1193
7079
800
6382
534
1033
8160
3049
7117
507
523
2308
7135
1886
9764
3354
9420
9260
8981
3818
6956
2682
63
7800
4199
5862
3813
3471
6490
8041
946
2453
6533
5469
5198
2948
2638
6438
6996
3111
440
6832
2872
4489
6341
3798
9463
1573
7006
5174
6181
1320
6440
8165
483
8928
770
3944
3218
5107
8809
8621
5490
2725
8559
3693
4161
8138
6146
5062
218
3365
2860
533
594
5364
4840
3534
2990
9211
5091
3315
5962
8273
1267
449
6435
1938
1681
7281
4920
1580
7065
7008
9270
1176
2224
6155
2283
4410
4615
9145
9473
6955
3989
4732
9623
322
7410
278
4195
706
6229
1545
6564
743
2758
1858
1212
6249
6429
6248
4642
9237
935
9568
3907
4361
1009
2843
5628
8879
7606
7110
1985
4729
8860
6425
5480
1126
5893
7053
5709
5907
2107
7973
1346
6280
9603
4311
8015
3402
899
5955
6400
6232
5322
102
3565
8283
9087
3741
8431
7796
7588
3432
7467
1228
7408
411
1353
8811
8264
3543
8957
2567
326
1332
4724
6895
1755
6970
8782
2435
320
5326
4976
2230
6654
5600
4882
8083
2495
6220
643
1710
686
4943
9567
1975
9615
4773
1564
760
7622
9418
7246
4688
8269
5256
2195
221
4016
7078
6903
6575
9772
338
8967
6802
883
141
2022
2761
3579
91
7198
2348
163
8205
8734
8712
5637
5772
6201
9199
7758
9558
3043
6523
3370
5260
6706
5573
7909
6465
3047
4941
5031
6904
2157
6541
7853
6941
617
3915
454
2579
3042
2988
599
6681
5373
4181
2272
6323
1655
4765
3501
1532
9408
6947
6152
951
8506
170
7762
2582
9403
3347
3805
8983
9523
9529
2094
685
7181
4158
4918
7224
6810
2004
8350
3947
8893
8650
3472
5051
6368
241
3272
5540
8748
3149
6315
1633
8263
3273
220
4722
2077
8574
1533
5084
3304
9799
8678
9511
770
4509
6126
1553
184
2998
9954
642
2093
1911
5641
1035
8618
6222
525
3681
2714
5555
973
2091
7074
4811
7213
3272
709
1857
7935
3840
2818
7677
2608
2046
1811
8039
6466
6011
619
4439
4309
8928
3498
448
172
5229
1841
9691
5552
117
4326
8774
6709
7132
1751
9563
625
6959
4221
5703
2610
3037
4680
6274
2425
5294
5945
815
5430
9584
3568
5522
3008
5197
7563
3924
3351
9895
6515
2068
7889
8134
9758
5229
2334
478
8000
5743
4193
3014
4819
3840
1017
8544
427
4113
6267
3229
2397
9154
7683
1010
1791
1653
6185
9751
5141
357
2574
9220
465
8439
6216
3870
2390
2021
5297
2077
3445
6846
3111
4788
4517
4599
9066
453
4083
1911
7321
5242
8656
2674
8534
8154
5741
9197
4151
5311
9153
1369
5261
7191
2847
5673
1678
1003
619
6451
949
2964
3709
174
145
7837
4004
6519
3854
2546
8131
6108
1462
1256
3178
7271
5197
6499
7490
1108
193
35
6570
1380
7424
8518
1382
1779
5788
9893
4310
5195
7406
6970
6862
2608
1277
4853
6454
9636
1621
6898
2683
7467
4103
7424
9783
4328
2324
2605
9091
7447
2823
999
8918
4430
3923
8154
1706
822
5628
6163
4230
7147
343
7397
2519
3612
9436
4595
5505
7360
9654
9902
1364
2411
2076
3302
1215
8819
3262
5750
2053
4823
6363
8324
3296
2951
8232
1858
9133
5537
1048
7493
9044
8123
8238
7337
2102
6270
5525
6122
312
4852
1307
4685
9107
5058
6152
6765
7673
1674
6653
1674
7472
561
3885
9
7953
2141
3194
4647
4656
7174
3350
4019
2677
8741
8407
8216
1740
205
3239
8706
8422
5981
8184
3975
7282
8978
5535
2380
3803
9189
341
5206
2896
3767
9315
2897
5079
3019
8419
694
3533
6701
9833
5278
3426
3247
5720
2864
7408
363
2659
5353
8751
6508
5331
6976
5859
6964
7975
5206
8542
2164
977
3958
4290
8541
845
62
3993
6920
3981
5663
2215
5294
5564
1238
2912
7481
3184
6348
5170
8348
3874
2473
9744
6065
4389
2926
6606
8134
8572
5163
9866
235
547
6459
4189
1648
7822
5410
7352
3954
1067
3655
4234
6140
3193
336
7804
6201
395
8057
6565
8127
154
518
6394
5907
556
5230
1095
6724
1739
2598
9342
6444
9454
3181
7887
1524
9896
5052
7555
8767
8424
5905
1511
2574
9907
376
7762
8752
2421
310
1889
8086
8345
9906
1218
4376
2146
837
1299
6749
2618
9736
2680
1204
2350
5394
7823
217
5060
386
3718
8215
9026
1021
3073
1767
4821
5300
2797
4454
4383
3839
3304
7106
7830
1854
1758
3077
2043
4448
6238
9708
7383
6504
7685
1914
8800
2291
9461
4135
89
4021
6751
3809
9525
466
2578
9149
1153
7310
407
8625
2972
6886
7258
1374
9335
4377
2148
7969
5236
1899
9516
18
6777
1025
9764
3560
9317
9540
9069
1236
7136
614
7116
3471
2941
1541
7224
9244
2148
6954
2127
3850
7493
6661
8660
7742
8713
7019
7120
7365
3242
7766
6802
4059
689
7246
6744
688
5197
4080
7167
8008
3071
7094
5954
373
2836
4232
4730
4982
9173
4073
7319
7448
4724
3275
3481
265
2322
5123
1208
2045
2332
1845
8122
9839
5767
7157
7427
4444
777
2310
6230
3604
1659
6192
6492
4114
1635
2427
4650
1655
5206
5059
3408
8969
5200
4895
5192
2790
5480
3103
446
1130
8738
7623
7928
7089
8194
8976
8020
345
7959
3057
6367
8245
6222
6847
2433
8223
9045
7671
8292
93
4585
3272
972
9879
3675
3777
1621
9573
3538
4549
646
8336
3699
6554
6738
4384
4213
7934
6096
5961
4193
5658
5421
9332
2765
5494
8598
7298
3246
1774
2943
3097
8959
7201
4616
2690
7966
1511
2780
9574
5427
6025
8241
8858
8418
1093
4771
6465
5119
8300
3713
8954
302
3159
8404
4420
7220
431
590
5514
6752
6234
3904
3571
7611
8991
1999
3231
9425
4659
2883
2239
7903
3862
7856
4657
4787
5522
9463
3087
5336
1
9496
2038
9183
6703
6632
8279
5914
2650
3750
5455
5443
6343
2733
3216
7033
6338
5959
4238
4449
324
7040
2475
4407
6451
7936
5799
4429
5301
1467
8150
9936
5966
6696
9854
6490
2071
2394
7885
6098
7588
7995
708
78
8574
9755
8988
5637
3509
8582
926
4781
9632
6976
2060
8331
6131
2704
6332
2294
5769
8547
6821
796
8583
9034
4559
8697
3822
2835
4358
8502
9048
2941
4387
6494
6781
4409
2265
5345
2666
2157
8195
8255
4742
2179
93
6395
2130
8399
9965
67
35
1363
5367
6001
6560
5899
444
5052
468
8087
1996
1977
7523
412
4229
3003
8317
3107
670
8671
1480
482
6334
1261
8108
3344
8618
1886
7706
8283
3910
4459
3090
4228
3917
2752
7995
6181
60
6923
512
2001
2723
8611
9894
6122
6565
9444
3355
6709
1865
72
3799
8608
5940
1032
3261
7101
8384
6069
3801
1691
2502
6396
3887
7137
8697
5029
1888
9334
2784
8157
5494
4560
9266
7222
6503
422
7925
3441
3271
2806
3992
5289
2926
8118
4131
3893
2796
9286
730
8115
6784
7116
4392
6882
413
383
3400
8702
3078
1440
1295
5257
1648
7033
5512
3664
3009
1861
8697
5483
3427
3235
7878
1804
9563
7365
1071
3665
132
5064
2229
2309
9033
9329
2092
9246
4331
5235
2794
563
7853
67
2178
8779
3317
7401
9885
950
8180
3625
5975
5948
2802
3134
5620
5490
6511
9207
3482
5042
7005
798
777
5665
5815
9260
7775
9489
2295
7779
3761
3226
5246
259
9961
7258
1704
8859
8682
4129
1656
8981
1283
7374
4158
5392
3299
7883
9711
8120
6577
7546
3902
3295
8470
562
8755
9648
4457
809
289
3455
2022
723
7397
4837
9354
2697
9121
1257
2713
4969
4200
6315
8173
7030
2924
377
7590
4369
8845
6153
8506
1267
6875
7886
8074
8499
3966
3511
7579
5103
6296
5436
6684
293
3828
4553
6271
5492
9707
8190
9197
9744
1742
6338
8668
2287
4008
7980
2823
9420
9797
6126
1667
3840
162
6419
1514
7747
9634
3740
5927
7713
4915
6360
1974
7934
5550
8182
9136
6599
5492
7567
4413
1464
1115
6328
2070
5025
5852
8579
1897
8279
799
3286
9726
4147
7775
1916
8813
2354
2861
5407
9560
7684
4457
6787
6931
1531
7630
4268
3700
3897
8219
2593
528
4618
8484
3354
486
3028
2253
123
1407
4153
6953
8597
7868
4156
496
6441
3019
7314
470
2167
6690
5495
3635
4648
6005
9595
9886
84
7701
4587
8695
8050
523
933
8493
9567
891
2553
2634
6673
8271
275
6242
9139
4457
1938
609
880
2859
6588
7494
1161
3194
8688
8648
2485
4924
6518
2631
9160
1553
586
8441
8500
766
5486
9317
2630
3974
4533
2933
6860
5138
4495
4592
5123
5661
8022
5262
9028
4997
5114
6944
8906
6473
6048
2124
5205
6636
8701
4102
6467
3421
5576
9678
7322
412
558
9336
8931
7279
3669
9418
9391
5006
9667
2519
4158
5424
1414
5003
693
7947
3685
1136
8610
9445
6204
6909
200
5558
9399
2406
9451
1457
7187
2488
9139
9197
4442
6206
9073
6802
155
4115
2407
535
7445
1596
1338
8642
1053
8641
7004
4908
2909
9050
8597
5512
7295
2388
7361
8750
4461
4052
546
2408
28
7072
8435
6982
6435
1052
4505
3214
9602
1526
4833
968
4308
5587
2260
455
760
6605
1228
921
3768
3986
9468
6621
3139
2089
3390
8436
2224
3390
3370
7157
2642
5915
6339
6183
3052
4360
455
8819
6647
7671
4492
9013
9524
5549
9324
6543
499
3567
5434
3357
8535
4922
2749
820
70
7829
859
6537
4096
487
2092
1233
8261
7751
4522
9927
4749
4469
5508
2443
1762
2806
3788
4427
5641
8634
8172
2057
7511
9478
9095
9326
6036
3499
7431
1985
7219
7235
2595
2625
4439
618
1417
1597
7587
1776
9662
5648
7463
9992
1655
5564
7011
5421
5701
7903
6485
9735
455
8157
9644
2999
3851
280
7798
5270
1554
8995
8376
34
8810
4549
8072
9214
1176
3663
9729
3933
1526
7150
503
2711
6396
6682
3355
6809
2229
9962
1310
9737
6478
7653
5633
1507
2320
1094
784
5807
5995
3328
8153
6135
1817
6372
8074
1087
9862
6552
9263
9708
3341
7164
7476
218
2123
3043
8441
3303
436
1007
2721
1533
5066
4995
6289
4141
5573
4030
8059
7152
2611
2479
4845
3315
3288
9562
1084
4508
1377
1400
5436
6595
9538
1397
2512
1956
6047
7978
4899
2435
5970
3505
5514
7315
1248
1134
486
6196
1056
785
3621
2304
6284
5645
1192
7957
6488
362
8008
1312
3120
8395
7530
2272
8626
7380
7054
1172
4487
6035
3358
2989
6414
8249
180
951
2825
8612
4007
4634
5247
4950
8196
4390
3129
6857
2051
543
5895
403
4020
3374
7753
3319
8024
868
9468
1839
5005
60
8189
795
5842
1336
2251
1911
3400
7764
2400
8705
6115
9542
4297
6385
1490
7839
1968
8138
3992
3368
5669
8253
1081
7061
9881
719
6066
5889
3326
1918
6041
7253
4650
9037
7370
7179
4104
4639
8960
2854
4682
1390
848
1625
127
8118
2564
