92074
60182
91432
80757
36135
15053
38928
76000
56540
55472
26706
11738
49017
47601
61622
77279
64499
35286
88132
66315
95816
30364
82011
35362
74885
71375
78311
61826
84677
63788
68380
49141
45703
21816
65735
92990
41569
29628
62780
90468
83832
88028
3762
40258
2029
50909
47047
34104
47991
99935
11197
28482
61287
63450
33489
94734
9527
20670
75311
87963
98384
12544
24573
61054
22342
53871
54520
68281
56115
78126
37303
18383
36805
11167
92030
58166
84954
54476
48277
18548
31649
2535
23636
27785
11944
18651
82551
45939
77429
25509
56644
36897
5514
96155
30453
37246
87400
88175
99935
98700
22296
68363
80939
90091
187
20734
43140
69392
85849
74313
87853
70867
54121
80453
93498
66518
25776
19329
19780
13413
52142
52469
99582
6116
46725
79267
8100
9118
57977
94849
58396
89161
1087
95387
52338
18199
83135
37159
2534
415
63517
84081
4449
79712
9359
24802
85145
78095
18003
72804
13582
31154
19918
33032
32622
64798
59283
1228
59623
81244
88343
87885
44536
60664
19093
82579
1962
80201
51167
87103
85523
52928
50396
18717
61511
21754
15859
52209
13787
9586
50049
50230
8392
10127
10115
20898
62227
47442
90716
74101
6034
72077
47685
71166
51137
3054
74597
15633
18113
31327
36587
99132
68315
70358
85777
10377
25307
19656
35617
57041
88675
22306
63045
69872
45330
7433
25174
77256
50961
53580
81413
34303
41940
23696
81404
76848
98592
5709
65478
2846
93099
52479
84752
43629
4128
6295
13965
24945
48167
3210
73522
33450
84174
34102
93828
74383
87509
39810
9957
36151
70654
30894
12055
86896
51077
55716
89515
89576
23992
77038
61608
77511
89385
73233
82863
88943
94605
65951
121
11386
85493
6752
12314
75854
67241
21059
53137
25331
87456
86280
10165
30310
37556
89544
59821
99981
29809
81135
47641
57104
48398
99577
88506
12583
85469
3677
57406
61872
14356
72392
14070
54924
24309
23575
38822
10033
58754
33958
44353
81962
8618
42380
71375
14062
95501
4432
67156
84437
90288
2602
40332
72734
82545
55642
51760
82042
96046
91661
29480
20844
96023
84201
64452
20804
40210
57646
35938
39288
26385
41474
39390
44531
6993
29954
68788
37622
93825
23978
12789
83006
52127
89403
10725
79904
24754
63795
23895
28125
40108
60440
3694
10963
4615
57547
73667
83781
7278
53632
1655
86168
4753
14661
35552
59042
19496
27234
24241
11368
45399
14719
60579
79758
25020
69765
73911
10479
73237
6296
20030
26780
98808
98351
97031
54973
90468
5642
69486
98199
13461
55779
24838
61961
96417
39347
6288
28904
37621
37994
48174
26940
20948
42741
19514
16574
27630
73215
74975
29827
81689
99481
90862
79929
7189
83435
30590
33853
22499
32714
31596
95609
99791
24506
57397
79972
31937
77892
60797
13810
38462
67557
30367
59773
62054
19485
24903
75098
75953
82106
17272
89565
91587
65765
23991
12309
88074
36567
64530
99801
32997
37858
28810
64350
80093
20227
54536
27390
35889
77815
17794
94342
63069
45103
42968
29127
71273
22765
24968
62396
86625
72847
18050
17068
19303
90385
60372
99444
32569
96398
94104
24155
46016
75176
91577
25391
7169
67538
23250
61610
44623
18717
42154
20294
45087
91823
75820
41057
13181
24584
65692
50030
47183
99721
7593
48852
29070
94686
20362
42938
50372
49389
37805
60163
25306
7776
22104
66512
35838
73157
36502
41784
31394
29419
23772
82077
3982
64366
41991
10324
87573
99873
52628
85227
56703
11299
92497
95191
83636
52722
81830
93185
42512
35908
23415
75536
52606
93609
83378
33420
55341
56609
7979
4339
71857
99577
10373
89423
83649
96582
54001
35058
29118
19839
65100
6745
91097
7205
70586
69741
70393
52530
91045
43148
65538
73018
1196
99424
73025
15440
78583
4309
55811
10672
23621
76215
21504
49350
76967
28948
86375
4856
25486
11101
77075
32156
13803
12420
23584
7834
35884
96740
17968
81033
50734
63598
74411
55210
41655
60133
24019
91509
37421
75936
73899
99695
1517
68863
22983
21033
53404
15479
39972
71006
82380
36785
42851
14777
61481
2421
51202
19868
94669
51938
96550
47364
96423
21760
12738
8473
74728
3019
20191
17531
1353
89346
97081
88406
82556
25186
96109
67537
68078
93318
91032
4141
44433
76090
32653
93385
62335
29170
56973
93851
52947
47613
90374
24627
19439
5019
85025
91421
33871
67166
49913
64189
90789
38334
31437
25328
37753
59514
78661
77993
25146
54555
55305
99772
42396
8002
72027
26035
8910
1524
86000
95653
85710
49837
60362
70594
71539
37416
74889
73991
67774
78005
83235
99991
85937
23744
52023
15636
4892
61140
19790
81929
21252
17986
25639
72861
51039
24980
90959
76547
22207
25852
69445
76053
10330
59663
90850
82808
72861
65471
70563
23320
75373
49144
42703
70876
16668
50903
24847
92359
12513
56753
93975
7021
25751
41858
89592
12993
7018
54159
28287
983
80481
27048
72919
54557
41063
80536
38464
92270
9948
29929
23412
20301
91714
13884
25001
94921
92482
50114
9239
47218
58058
32980
88762
23192
56314
51489
19836
34425
69643
80591
16805
24931
41107
47473
88757
98274
55580
92055
18125
91471
22953
82050
66788
97034
52428
22049
453
4594
31952
20948
79343
88295
67495
3862
31342
84796
99516
50642
15746
23310
31005
54426
80268
34999
8646
59852
62682
33168
30713
30275
71913
14572
37902
12558
13966
36509
65176
69250
44816
26461
45804
16911
76002
96180
83877
63788
58694
24373
73313
23287
71469
9293
13369
26777
1876
69526
23788
5890
98483
88397
46136
48450
36993
65893
95491
25102
41366
12190
71150
95227
87310
22988
23341
61002
15047
38390
99927
45380
91108
845
69663
95306
36317
40867
43805
71062
12929
83986
98747
67153
54264
12228
21518
36616
7082
37083
1238
72539
72436
36977
94748
24251
27524
87838
61619
5788
90829
91426
99545
34
44176
62646
93254
40945
82711
72737
80534
40700
66395
5840
10384
36257
11855
66106
5688
62585
4523
68623
45047
82687
52741
16702
49543
48913
58757
88325
27465
20324
58122
74505
74585
78604
71245
90644
72077
82465
9597
87794
78734
64114
31001
46482
91380
87342
60997
4844
9414
24959
16021
34118
98018
39212
35922
12418
28903
18042
13418
9804
52083
62553
88925
27192
77159
28429
88324
42071
66335
35438
46147
56186
47776
26824
71044
72765
21943
70405
47402
9835
52731
50275
62012
53626
38522
81895
46387
78353
21568
87816
95664
79789
13763
70941
65910
91653
74545
5995
42335
40206
35608
4815
69823
61037
41401
38677
68940
27389
28282
23360
86283
16292
54431
40682
27185
43395
2286
91705
19094
26214
79487
13916
40647
8822
10597
4600
89650
27648
50942
65692
52837
21023
91916
86003
4253
65573
82591
96847
12849
14991
2609
69113
80564
90369
67538
46425
85552
78368
57579
41558
75169
48095
36610
32064
52257
68014
54438
57402
74196
8463
22641
5349
4783
77611
19607
38752
99667
87837
95029
22547
54393
23258
59158
54722
36630
18283
13132
17813
53054
20094
96218
5336
72425
36462
20428
46110
26305
52370
50077
7047
97308
25819
68770
32806
34363
66362
42686
15830
21779
31337
90403
48963
38991
67168
42199
48763
98046
60346
58695
77424
1756
19639
41618
25314
25813
35975
85721
20138
42443
72784
44259
31355
98511
72614
78051
23546
61871
3343
91525
1609
39077
65750
81651
12055
72865
35403
22928
27354
64888
30079
25098
9109
12573
95405
54400
27993
45896
16021
72692
65840
47299
92761
87227
68318
69600
27602
48539
67398
71816
97469
17167
83981
4324
26221
9431
29269
90403
22137
85757
71519
59723
12267
4453
38022
42944
42054
96345
23513
74375
35726
63567
28067
85483
27805
41592
74692
75985
99301
64822
49280
97992
49171
95647
75665
97447
41853
25673
47394
73598
51018
39617
22123
28735
78217
42164
24575
61154
49435
92203
37864
5046
35731
38418
2590
22109
9581
60687
47079
41007
70788
3302
17664
83487
19711
71059
78484
60496
18221
83258
64130
34468
5872
70070
28378
34229
78384
19009
47939
77266
81841
66846
99640
57255
26554
27148
40783
24743
23009
69978
47610
78466
6902
71825
17327
31293
35343
5953
93387
74162
36846
36871
46844
50536
53780
76635
8204
41235
51642
9542
56382
99762
54475
92920
15456
86054
92039
76370
79746
56418
23379
62785
88830
98145
36627
80624
16467
69262
40044
52879
36171
72141
52524
23628
24901
61907
41215
84468
8566
6999
74881
27447
80647
76061
21835
17851
79760
91273
23397
66577
21461
47620
6998
28851
28178
17659
38143
35593
26243
64538
5658
63589
33234
64838
61418
40584
13154
57029
19738
35396
75594
1666
96729
35687
72923
6457
71647
50376
80006
44277
57549
80866
15060
99362
9975
57538
60189
36370
82767
3903
28049
45279
7808
92366
87246
92471
95655
93209
30325
26306
89276
82354
90298
11817
96880
8761
84728
87284
76394
92562
91181
87917
71625
22166
74661
6362
90292
19939
13707
40431
59212
95070
68281
51592
87791
74025
17124
11372
18753
2850
25297
92386
25915
77703
22516
78789
40176
75372
37426
3743
79973
49517
31765
29199
88171
80679
74634
83393
27228
41979
17174
62781
84563
25951
30884
18460
23475
28151
75140
16452
6199
30964
47087
24712
56425
33273
53008
84617
76709
52423
3137
95235
39899
67046
96611
54363
15001
18458
24195
29416
75754
42419
49123
8533
27356
27580
29959
23221
39135
24582
181
81740
12898
11244
26620
89831
38256
37864
11109
12206
17213
43854
29364
67811
16751
29329
9744
63589
30353
59062
74551
13394
94405
41473
90639
78248
85963
30492
27241
97106
44356
31719
95897
77884
52583
71714
51067
33982
58436
61732
30435
5241
49614
70539
28597
22104
20129
10807
34009
24031
28703
27368
56629
91111
56125
5009
36367
37905
46804
58245
86879
30060
88278
82277
74245
561
56985
32007
70215
29268
20137
1696
57854
77587
70713
76154
70760
63185
36206
92634
58634
69518
89066
21015
33565
35828
59128
6938
27378
79309
30995
93847
31534
39379
14015
92527
450
8983
51978
98086
57840
52938
90781
31372
40173
83396
5001
6538
1371
40222
51383
37937
97514
55351
14658
55413
69539
28548
58726
15542
27404
83464
53663
33247
28075
96022
52769
41464
40407
99961
22734
72102
12341
95530
15648
13726
8536
27562
14117
27203
20076
61188
14171
35446
48012
74538
72922
44017
44383
70315
72586
71332
74953
15671
86642
22993
48746
15877
44031
72316
38724
89943
98021
81151
85441
10622
43612
18156
76460
63941
95938
38947
10815
65056
57943
32628
74218
70756
26263
69292
28015
80094
49369
40159
12353
90000
48353
4448
85078
63537
58900
2670
51932
46801
40731
9738
9896
72838
7836
87606
39908
98778
7572
52385
64314
80617
3021
97932
15539
40199
27486
20028
17139
95299
88806
48437
37834
12597
33552
43588
72515
75209
28345
62743
54817
44743
36843
79712
46205
19167
28715
57149
1363
25974
47289
371
36864
22177
96858
71952
91666
17748
6380
34605
12124
21701
22241
29119
90817
7157
73014
90587
57500
83287
37153
6285
43790
28660
95384
24350
33718
19869
79779
19685
35663
31799
47966
20179
33936
27449
29157
87597
87994
18630
36222
87964
89079
97186
70587
87036
88160
61448
88
30862
17745
96687
41654
57608
462
2035
90437
80732
9824
41398
8764
30884
85189
60089
5618
35044
115
99026
10117
39748
37579
20402
84184
73121
44164
31775
6315
84127
82732
37023
93761
19067
91875
45208
68780
65154
86821
18929
2541
36760
4643
34652
57416
17590
49102
95490
73052
32460
38087
55898
85118
50288
74488
35708
21140
22503
98456
60306
98466
58278
1168
71024
33215
87454
2247
22103
6435
60975
85554
66676
72257
39513
39457
19998
81951
13763
59122
98879
50903
35477
24013
52751
49621
83213
70667
17413
2169
56635
5885
96389
11925
62978
7123
35864
19510
69125
27575
63789
27333
39513
48152
74215
79320
98490
17591
82433
75153
36742
6299
88646
4008
25880
53014
65057
36261
84835
37262
92818
8479
74375
25528
69432
72475
96172
89418
34072
22344
70280
17664
12699
19766
18811
72809
7150
44592
86374
39971
32425
3532
42670
65677
4910
89058
72655
85585
86933
88239
46611
86432
21849
47128
17001
52866
88070
45217
42419
94222
36540
80837
17035
81165
92879
28047
49361
82187
79323
94991
55420
69087
31177
27576
86912
88904
23410
6157
11079
88650
34263
30355
52166
30325
8122
90584
11739
51577
24191
48403
51422
6177
67848
93753
15583
69451
56018
23408
18827
30601
30998
98456
42435
49106
710
89096
43103
56244
80872
81262
70001
21401
59085
69180
91542
18585
13579
49293
37561
79258
57361
69710
72758
60898
80364
2728
33876
57013
70839
41554
20509
47166
48649
19600
99044
20386
71771
32229
92939
43536
22817
85370
32036
42419
63549
75061
37992
40925
39257
93723
69819
33941
87439
89152
71745
1886
89979
71392
14487
89188
74445
61618
12861
70408
70638
83337
97983
10915
93692
7037
64031
94213
74375
3516
63124
51336
17635
75820
95776
61451
83463
63323
83152
77734
7341
70192
78940
59162
91736
40595
93030
12330
53902
61903
64531
98686
37057
25778
23905
22455
91545
3988
66238
9114
17563
24473
75927
92220
68465
84829
56070
65325
85595
29745
4801
85870
51388
69301
92082
17325
3728
63944
13436
41597
37550
89588
18069
62430
91258
45947
58686
37778
84963
58324
47766
93577
88434
93202
97678
5695
78232
57862
97919
43567
24300
12145
96520
30343
28679
40567
34754
82580
67020
50739
56720
16637
47512
87176
45502
64008
93743
16856
50297
81060
60831
90891
60989
15579
90058
97770
58500
12078
17146
17277
46628
76915
78656
30384
74774
554
83047
18400
47709
58214
71220
943
55500
87681
23211
26137
56071
79985
34538
40014
88754
63829
45774
61929
46960
83806
74100
45090
77666
89202
57733
10535
57346
52665
85393
88901
69429
14858
30501
43463
74205
32237
49958
18476
50031
67024
76968
35811
94092
6497
78853
8560
45271
45084
38465
61445
14672
74437
4634
38007
56155
46223
48847
83818
45315
37553
17012
29700
61319
77639
86769
28817
21055
51854
78670
38791
59195
73132
2344
90021
67444
71534
964
65048
37747
62484
32587
16346
57951
10474
63210
8953
92192
53641
68179
90418
65437
3292
50411
69723
68010
83815
75941
26773
70122
38337
87413
20853
55258
59446
74842
14281
89671
65385
8560
11940
26673
32044
11155
19841
26332
10638
82491
46509
10528
22365
12572
6404
31854
71372
17719
68027
18521
33885
21695
43111
69209
72701
87775
45458
67221
49380
62424
17112
64901
66690
86163
33375
59028
40276
48626
49249
38304
79221
88291
83088
51657
74186
65821
96148
83416
56348
35478
85112
3222
73695
98075
96552
57559
81841
57301
31630
96544
22885
66874
45201
23839
67284
98800
19388
78067
74509
75300
87340
69587
98624
64749
92473
5988
41196
50177
53832
54286
26880
81236
96075
99216
33570
96380
66312
35473
24878
26662
19667
8283
20457
60203
3479
549
66277
44516
45846
34949
7334
64131
39587
12848
29559
31536
54344
9991
2952
85257
65884
22090
97681
94810
31725
94905
82825
71482
4445
46943
50340
60352
23544
89403
36730
49915
55352
35876
47010
33524
56102
57289
55328
41753
51009
42013
52648
26776
38024
29070
34600
15263
83189
19475
9022
18456
61958
38394
53117
30870
27722
92210
32860
76259
40233
53057
29319
54941
27450
51346
25526
80263
10289
18189
36293
93649
732
8442
15522
20884
92969
86561
40141
62497
53694
21339
46852
23043
97027
5673
26677
32914
27780
94141
70723
19433
91259
3851
28698
51925
14395
70087
43075
7300
65647
13826
68774
78649
79021
83674
18818
974
61711
52940
4750
59843
7469
57395
75581
29076
17950
9091
76767
77147
53702
29449
69210
51664
92141
430
8114
55478
19571
87141
37688
68323
17625
41759
71641
33045
14558
80431
53858
62819
49473
98144
20451
44759
89047
72730
77923
29375
93048
54959
79951
99652
72720
48601
17671
66562
60040
22782
60579
77245
9626
65246
38502
11378
68424
55695
81754
26331
78878
59600
12543
60711
59830
92715
14420
95338
17666
28044
97142
20593
94170
67072
88397
69552
58158
40529
54163
82288
5834
84055
37696
32579
30679
38157
75909
45657
69082
96200
76101
8526
98367
39439
17746
23605
422
61326
23330
19546
22500
81136
40380
89929
88200
91560
91754
64163
61275
76753
42717
76561
86569
39800
47937
59854
3255
77859
9753
56312
59874
56528
91053
55731
26109
45810
64720
30267
25386
12348
25984
98233
509
98356
70920
78056
87353
85918
80752
54795
38239
34221
93253
29104
50755
29225
91886
13250
70629
81807
51478
27629
40434
63759
87983
26738
21170
29746
66563
90679
22238
54281
43903
15209
77443
44422
85824
57305
78511
82351
5851
98616
22807
20320
94078
56484
16139
40230
79612
89101
20531
61891
2747
41146
37953
23144
33891
20934
16216
96919
41947
81398
7243
57842
53431
3105
9692
26148
59445
50693
44649
73062
23226
11494
87777
12567
53234
68712
4164
13750
20901
25335
35775
64005
47858
66481
35670
19820
16129
22968
7203
58083
84258
98909
66095
63190
96701
82686
12096
33297
4319
24672
88519
35843
27619
47629
87851
86448
98595
19846
11085
17388
97221
80157
22312
87558
55264
79033
34694
98152
28155
65810
87856
12560
69143
24794
67331
52207
83381
73848
18508
30115
32719
37280
30506
4575
14851
87224
25803
9287
24278
31485
95437
40425
70150
17797
2307
67695
593
32333
90873
75893
75642
80714
55452
51867
23774
40907
47611
93175
15825
56453
43832
25232
68666
40511
58999
306
59681
49272
12406
40488
84112
16512
66619
49130
48787
47776
28423
57903
71465
35274
52216
58800
57214
82077
56805
11294
96323
68395
17040
23062
37971
47737
50554
48835
71118
42130
41676
56512
7450
91775
57329
92923
27506
43736
86203
97716
14122
5094
30407
33069
38804
90168
13444
6891
16139
51632
69906
44410
91483
99147
39880
59881
45830
1493
7950
97490
49277
59021
91191
77823
86193
48216
22512
24633
77817
20915
39461
54176
41344
2442
58090
50016
54558
54229
73845
93027
42003
7824
99618
84313
2931
99406
53422
75844
18318
24450
92637
24792
34085
39838
95249
8090
18284
2347
99480
60590
38626
53036
11429
59461
67592
85820
91286
43155
82330
21351
85523
25543
36145
56613
81783
9805
76753
96830
75166
70123
26406
83978
31052
3364
51507
20062
12588
17645
82616
12968
30502
18791
91321
55369
26403
15560
99983
27249
49953
8790
16374
35881
30704
5412
49902
5081
8397
40967
25254
27178
27511
76936
8246
11917
77829
37617
12853
40415
94129
14421
66354
54951
48303
97781
52486
67507
74203
18140
66536
73835
75594
9029
1319
18325
99361
10040
73265
45264
50253
10623
16989
55054
88997
1598
42862
30412
61895
49942
50369
49619
74297
86162
40338
75692
35729
51952
19740
24225
68240
95911
88615
28845
88937
78698
82474
40959
87367
14913
63121
44254
24181
46077
60390
34652
27261
50807
96297
81672
69050
93505
38468
73568
84743
52888
14350
52936
19534
52148
56089
60797
60242
25205
94593
91251
11954
71692
26489
44577
71554
83580
14535
40522
64189
7768
77365
65775
95007
26215
49505
15389
42084
2118
81157
33097
54310
21027
76502
26516
56946
54889
32639
30928
90951
90456
77275
26114
76880
95499
68415
66406
22798
81630
314
34679
40496
850
71675
34530
39703
78942
60174
89198
5783
68409
11871
40934
92941
29971
74004
99228
84188
56831
77783
45064
34356
98673
59263
97012
86174
38840
3548
40852
3944
21262
5709
37214
74041
24446
17747
87540
72438
16525
19659
81719
86226
28910
86160
59065
30932
74407
67933
33631
48046
30512
75787
70782
31322
67499
58423
13252
52228
75494
66509
23287
15906
87039
94983
43422
44206
99826
52446
46844
71715
53735
26421
14077
33757
58143
65245
95008
40678
39601
65450
79860
64352
11417
57113
12095
32093
73956
92878
37585
52790
94095
78424
23680
14936
41610
49343
4600
37463
84724
84896
44517
72331
12489
78009
57803
77333
35158
538
62221
64217
36840
71527
43110
82776
14354
8706
89569
62345
30708
26154
30014
75831
9748
3509
77520
44149
5156
58992
65971
54514
73765
17454
64673
10253
4097
29311
11781
97119
38112
16954
29113
26650
25793
77603
33820
18711
65361
69506
2139
3366
71912
55
85412
52475
13021
11558
3726
86066
58621
4686
12230
32215
95878
77388
59757
36938
43891
96448
72011
92224
55652
63347
39535
38898
94818
95663
76053
6389
72012
98705
620
44391
32069
31100
7888
58525
82655
46241
90097
12092
7024
80414
30953
96072
39385
67674
9690
80167
80583
17782
80999
25401
32403
22138
38780
84878
71495
56334
86424
2741
65660
33351
83662
58538
50814
11099
72889
16806
65735
18196
20709
74954
8851
17910
8983
74689
18591
70509
85350
42987
8087
62273
21443
10796
97964
75316
29925
20938
7898
18860
13175
37581
66006
44672
71845
23469
86657
17499
9463
38102
14290
99266
69183
29324
61968
67824
23849
76227
34638
65427
83166
90310
52723
66274
10888
35818
25342
17085
36370
5569
44151
54337
53151
23095
42419
27602
84498
82996
32439
48108
39294
71473
13539
78586
45358
3837
7165
60145
7259
71053
16849
11132
8643
55648
98247
36924
28509
48726
52753
30991
78251
34394
75726
15408
21432
25501
88464
85738
93741
98964
11423
98363
21958
97816
39775
37335
40121
21232
22062
14784
96519
21701
71238
35313
79891
15664
43657
20262
8335
94715
49602
19360
82229
29410
8198
65237
98480
53752
79778
74953
41454
6154
54082
99488
6968
83407
84383
85412
11082
75831
59541
68027
58913
81930
44308
37778
42528
11577
92039
19079
44854
76580
94764
83153
22510
49147
87794
44477
84587
92789
56598
85435
89021
47073
92552
78220
65274
19052
56533
7210
48739
23140
25
39711
63417
69397
53114
21911
46835
8162
61900
98250
17933
68848
15156
58629
6102
88671
28371
11481
49534
12322
25428
4506
89625
12198
56696
13627
85676
26586
52138
59555
67484
96280
41961
99414
85602
61833
2829
11431
84131
61308
42568
49333
94314
75324
16254
71816
54166
34764
75739
20385
16019
72289
62627
4047
3925
209
4372
27471
60917
5670
40980
47022
93346
1903
77729
7321
26602
88321
69900
19391
50161
16003
60346
63515
68172
77340
71669
2869
60842
39787
50229
49035
80165
98578
42142
46354
10720
42465
34796
70166
72735
31841
24032
2878
75989
61391
60438
827
98877
31087
28543
35853
13293
69088
76144
33295
13827
50117
47265
11477
2360
84923
45374
31344
16398
90168
99103
80259
2487
153
83007
20972
45355
84304
85512
14525
76651
21248
22819
10865
84784
50097
74185
65713
17228
46223
75605
34074
63659
93440
6894
72078
15559
91522
75766
67782
5385
15334
14198
40743
70450
33864
98456
64507
2958
1572
54510
51307
40336
79627
59205
72349
61730
57388
84070
89071
90129
52573
41916
80395
23051
7439
21719
12857
72613
93889
54333
8354
54791
30286
71239
67633
32839
19733
94652
40897
81832
85327
42255
9114
72987
84359
10961
26050
10504
21452
57222
27550
98365
68252
75977
30503
82303
87962
6022
87292
25529
55150
40713
13101
66139
87123
90528
51225
6820
79628
58937
89920
91667
55624
36542
32967
2549
14715
2840
282
27007
42234
62083
8429
79884
52103
53562
91418
36258
46615
83294
94765
99458
94402
33158
37813
60605
6985
49467
6889
37377
92559
52339
19570
76519
64793
6722
74687
25166
87092
62948
27526
40831
68895
96522
75440
50810
9363
93101
47022
66191
89192
50988
71657
50720
13656
15302
19848
63397
64914
72125
62198
50402
81687
25000
24033
26693
94169
29387
57144
68112
26225
37706
25718
52176
73109
61849
13795
56089
11015
56821
44397
640
53751
35690
43997
71819
57364
12246
52076
55639
80817
12037
46097
40931
62895
8084
34702
19298
33989
51655
88566
47139
74937
39327
96416
50130
39029
39415
39987
81950
63481
47356
2872
70273
48741
68057
70969
81339
29742
78582
3518
70212
73258
5735
61304
79998
26918
69048
25788
1748
78116
45816
88201
36161
75334
25874
53630
31905
45568
3278
2013
18244
22562
61851
42938
43527
35062
25584
61444
56235
97590
21365
47899
86104
19435
833
72729
44580
16839
9257
84498
73076
62384
47436
65413
60212
70491
17381
77109
43547
63751
79864
77145
45431
86369
47685
80927
56930
50549
16140
15881
40818
95265
61567
39532
16886
336
80641
22969
31046
40834
74744
46781
7815
68360
71834
59306
59796
10446
80084
94242
31270
73864
48527
29929
38453
20000
86794
9866
95781
27744
52849
53145
64609
5435
11873
48594
53674
66098
90293
58408
74502
56195
22019
37802
86365
57780
83211
51472
50112
21280
98250
98747
23900
57044
54193
37159
21123
65459
59201
93503
9840
9497
47892
88676
34706
22170
45223
37693
32709
5066
31183
27314
91888
66607
56994
33904
75732
10115
60176
99619
50906
62199
30482
40459
84349
75329
7791
43797
27470
61451
48691
36866
34365
86732
18792
55145
40685
49799
83886
84046
54643
82801
30269
79914
65835
12528
82888
40835
67513
89920
84958
20956
54076
15800
30878
85082
67531
50479
43568
24932
79080
899
27674
68424
70985
80662
25271
32990
63640
12883
10199
39323
82128
74885
28043
43940
99105
5361
29328
5042
76485
9502
9651
70527
5031
14256
83732
17695
13682
99196
50772
28345
30453
15461
35903
9871
19112
82157
79473
83816
15955
29820
84418
24705
57524
40453
63673
2349
77229
24019
51464
85763
7901
60001
16117
70350
66032
62686
57594
97622
91459
65420
47146
11729
32916
11543
33671
93643
18137
86249
93418
81221
77785
18458
18145
1242
56157
22318
53498
41894
58559
64319
4096
90769
10894
49853
69915
76936
97280
83603
33179
47558
26849
48319
9427
80480
28356
9872
20753
68849
39958
53674
16885
12554
24336
25082
15586
99942
56005
57622
69439
74812
96419
12832
58486
74039
35070
70712
44728
32499
92508
17195
48300
50641
87043
91780
37114
67722
89686
66971
28586
8122
69308
86887
60628
96365
22176
66200
69242
10326
85106
9334
28417
2755
38629
96280
31807
99478
77823
81317
69953
13524
75375
5159
96037
701
45486
42217
96373
99641
89464
38061
46933
69430
12999
30489
12036
6063
58313
27151
90396
57584
69870
35239
17080
15148
82930
33286
2676
18931
22111
24014
78418
60680
10124
61836
98191
14889
42392
2847
43375
94098
50177
45979
65511
77240
38709
79708
55699
88882
79304
43835
93877
71269
19654
24014
30575
6636
71335
75579
44403
92200
55537
75582
84142
92678
13497
4772
53929
89696
92092
98611
7883
21790
12300
50822
34630
21426
12367
78405
11106
18122
7292
6862
41002
62377
88217
62046
64032
48580
85060
9183
54570
79076
53595
15767
34057
22520
186
2342
21677
80796
42546
36408
94809
36481
91590
10886
36148
69695
84376
13957
92065
7204
96689
7327
78038
55437
16581
427
85922
87766
29877
87002
10742
57384
43794
95303
91780
96536
76856
9489
92122
34565
81062
28787
65107
17544
59029
57719
54763
96041
65449
83442
69956
10508
19258
79619
96810
31554
65222
52373
47059
53359
35618
73001
66204
56989
88865
97999
32082
45301
16896
35504
46319
19621
5920
4554
43008
56227
53159
65924
64591
26045
879
95889
17178
39214
52089
82545
56626
14866
84945
35223
1432
40683
21889
85647
18815
54555
61922
92361
27621
3998
34889
69294
13293
54333
90662
80558
48528
42291
20143
45955
30332
43538
69274
46999
81551
43395
9704
14903
56643
23865
47583
62113
78767
1603
54619
14920
39503
41830
99776
24247
88666
82251
3913
76336
80302
26793
42008
48688
81721
62800
79582
67214
35113
41838
24295
39106
62321
36585
42007
91898
37398
3970
87040
56102
40259
82416
17585
34820
14554
66139
32236
23644
4364
15855
19780
50142
94247
47461
10723
72626
52645
57079
36534
98939
87546
38456
27177
46742
10287
50323
34796
40010
47315
32526
37065
61675
31064
87348
89522
67989
90348
53969
59071
12242
43290
74162
29371
87332
72050
46580
34252
55120
74740
43478
61629
38814
56915
26852
14967
8405
8160
80378
2685
82675
56002
76034
40578
2911
36394
65182
35491
46000
45891
17918
79082
19905
2298
5882
66845
57220
18426
78271
96171
54606
99639
29809
70112
53872
30268
84726
27162
87424
24292
34228
75044
94866
22118
63496
94081
9599
85967
72986
8393
38539
41300
58179
89490
7928
54417
58402
4982
58674
50923
15917
83757
4937
21617
22962
28741
48192
87910
75596
16445
64262
16607
8757
22061
20982
79893
43408
6305
97395
27250
55219
76618
9421
30781
64892
1333
65469
83430
20850
71833
53
80585
57080
2641
59330
64780
42281
13070
78810
32360
33609
11134
58696
88220
49025
8052
92269
18491
30226
91766
57528
78148
16276
88632
64700
34224
38717
62406
46781
16890
19589
34017
82235
35067
66329
5380
87647
44991
31503
36836
73487
3482
13001
85524
60834
91618
31423
56442
48209
48200
31898
3919
75166
82051
30176
30692
90910
33956
15775
15182
56825
99194
71474
22165
4966
63981
38868
14541
60349
96878
71626
48878
45646
9387
41725
55142
99467
81984
47640
87847
84785
73923
75686
38616
57125
25399
10344
11315
25714
4716
39156
68983
39911
81381
73119
99721
15234
13294
20097
30079
78081
19753
44072
79419
28482
55275
97964
43416
63989
46617
43881
23015
48668
35095
44215
17103
7832
18151
76224
60450
99245
25396
82306
32635
58439
33796
90206
28632
58271
13492
54425
37634
92795
39313
26164
7685
38330
41220
18227
90970
26451
16307
92787
51689
27165
74853
71746
37176
42171
34366
23398
86958
92316
55004
61755
53955
41892
66222
31908
54522
20028
69845
25698
85225
54342
38534
4213
93501
93842
34703
22799
91540
7652
88309
27427
86229
34681
25757
4198
20542
30333
89925
89600
99329
17839
67696
4371
69164
29870
33780
60913
51067
36832
35289
36861
6451
97144
41747
76540
78221
44282
33210
5469
98657
51366
66800
55682
37520
37273
33428
90644
67001
56165
33292
14476
88995
9532
12871
94169
53901
24898
79778
94543
14102
61927
34222
25760
85337
71266
75624
43278
82442
71404
81240
37973
1787
71533
56092
8689
35903
20289
35950
9546
48704
21440
46532
66365
64545
50948
18759
46978
69821
59945
18860
23440
60345
37029
38427
34738
56562
41230
64077
27728
60788
13277
30725
80744
24041
46521
85567
17531
11386
79014
66527
20207
52529
29396
65552
10842
52504
84688
87920
13800
83696
39592
16158
83528
27933
342
3502
79862
31676
85100
895
48066
24023
56076
89424
15072
24657
47007
83663
66987
30987
26127
28569
71056
2842
72959
69172
70540
55933
2400
79072
5214
72577
56887
85961
10867
80768
30997
73523
34436
44504
88077
80577
91536
95320
13352
20298
7813
61269
65598
5656
6464
10322
45678
95534
40465
59913
5301
45551
59451
30856
62875
94023
83344
56330
23040
67163
88999
63625
88729
84546
56993
5409
92203
43873
6544
74856
31666
11628
50849
61187
22989
17174
58463
99867
90782
93890
24306
36281
35643
71044
92255
92992
72616
7573
60369
24012
17447
64589
59180
96285
51524
48283
65482
60498
24627
47471
99749
94272
22931
72274
17565
76080
6339
37329
34628
53242
59558
46528
61582
98738
93270
75824
39936
12235
87593
93492
39411
90906
61561
59425
91862
2703
61270
52373
30637
15840
17409
85028
75774
76556
69218
7934
10393
33480
98613
3812
29461
87242
49903
499
32877
50070
37550
41494
42659
23147
32868
25790
70501
93863
49043
4337
38728
21905
52335
24292
72116
38091
39425
42372
42029
1813
52072
59227
90471
72219
9367
70597
27355
79385
65781
7683
57646
25495
71365
57512
22360
79788
11812
45585
33136
23261
17154
1256
63629
37240
48258
25573
29708
48272
33194
80244
84851
73107
27706
84385
82443
81740
62777
97358
85877
98447
50163
45069
20020
50179
27167
67703
25050
48838
33849
94247
37762
44145
46654
96023
45538
90019
77211
25925
32619
26141
19942
44933
10074
76754
78306
84511
3877
13975
72849
45925
87635
48453
90809
850
15582
43968
53790
45764
25223
96810
98876
46369
47239
64647
34781
16191
93890
99201
61339
56423
80345
33375
56977
73042
15345
85688
76080
62010
5173
86238
75758
2289
21200
94351
76582
35464
54163
41577
6369
79044
15360
61561
19075
65306
1771
51850
23650
53723
23487
58725
71222
60555
82621
34709
58956
47895
86070
84131
93297
67113
85164
81489
42364
66362
40644
37270
97891
4344
47764
80455
71410
44963
40784
94820
23049
19864
5579
68149
91314
95727
14561
17885
40642
61898
99725
12190
79295
90633
68612
92515
97017
56037
93862
72160
51304
8285
1508
2800
9213
13882
87395
49888
15228
55471
84174
52552
42162
7852
54759
49958
85748
64495
35194
32346
40973
6975
60867
80250
64337
11110
84614
7971
21175
72410
3184
89781
43908
44299
58947
92054
81032
14239
48104
98852
70697
48841
34454
82162
49536
96267
84434
29740
60665
62730
35761
28860
63841
83166
49503
45133
25227
8433
97573
53689
50613
70566
80284
8790
44818
48745
96661
23708
71511
71624
62790
46921
63516
56788
24117
18978
25972
35630
87426
4159
18854
99028
63991
21831
40975
39711
793
71336
19728
36115
59165
93038
32877
28487
18478
51225
68831
87779
441
70249
71570
14922
87964
60999
49542
84743
49673
28783
33734
83138
32714
78043
75897
6271
86955
17695
23660
73554
54333
92167
86594
7981
65457
83162
20519
79680
23512
62056
54642
10694
61187
39464
42526
56662
76983
9357
19164
53848
10066
54511
39117
55555
82123
89958
41784
19126
48439
43034
6930
33765
60270
81260
54637
23651
16727
96840
14423
75188
72921
24506
96408
21147
34395
1232
94210
40946
53295
64019
70885
8101
10459
76505
86069
20241
11836
26287
14863
21267
41263
70748
38246
67309
51441
85848
69133
92025
40800
44337
55919
57207
7610
64994
670
60042
53810
48913
25732
96615
53150
75726
57938
58068
268
33928
70056
10460
6275
19259
68612
91050
48240
21565
68068
69631
22066
61781
46076
95278
69577
2005
93405
37916
23266
53668
85902
5059
67640
11308
28795
47732
95591
77488
24632
17317
95292
25583
25835
28133
40461
23816
10150
79099
59217
56628
57733
37067
32847
6411
52948
69774
82302
75805
60231
11523
32437
30579
35704
13365
89940
28007
41342
91484
94831
3495
56694
79089
5195
14765
65983
4982
86694
14229
37609
34545
24397
80685
57623
7162
89483
27769
28285
82912
45183
15547
52447
87414
78418
23615
68619
97164
50526
50894
56705
80314
83520
1408
45769
60504
36586
21657
69740
12815
17192
38073
42933
11020
52109
50474
67969
53159
24259
94235
42146
8901
93563
70291
43681
75308
87868
25770
29114
81492
71782
81240
49111
27958
64589
83096
68042
58382
74489
22002
96485
26497
39355
56508
82910
65115
42525
28053
83162
83876
78809
93816
67498
80696
83122
25953
93275
58029
59323
87839
20645
11811
38587
73134
39787
38800
16984
14542
93586
36532
92673
7290
32239
28768
37725
90885
48769
11436
49932
44795
41313
39187
2092
98897
35589
64707
92056
89242
11956
86162
20294
73212
3172
67930
29137
84122
70462
92071
8982
88831
28220
96780
20587
54616
79358
23951
40028
41355
68240
81972
64151
58489
64542
52292
57354
74500
21995
76697
1370
58303
52707
49454
95310
31437
1315
80667
82493
51397
61466
18462
23583
12977
55956
38007
10885
81787
9541
26955
71768
37327
25566
66261
66939
96950
34834
53633
29006
87463
82944
84946
86313
46353
30499
29364
39773
43705
96102
18140
47857
95708
72873
62975
5818
33154
78864
23531
21544
82702
83740
59524
79388
52794
85553
69359
94431
92449
75133
54861
24653
13122
15038
95802
82787
35764
80083
2444
13339
84193
63837
64100
47063
94163
61055
35907
53934
61380
63886
8063
94404
52562
39223
7660
18772
87071
53383
81314
38848
38732
86602
92636
43190
68311
70394
24514
63128
74122
99081
76045
43532
60307
93285
31742
76524
40517
42927
33367
36347
20749
27617
94385
86072
24539
44629
66678
70993
7309
11735
86589
24224
10206
62989
40790
9203
4081
79328
47392
80456
59146
47937
99306
23288
3302
99380
10225
24399
77567
51261
47266
40554
19819
12742
69524
16242
60791
93469
31328
93273
11011
5629
26280
3975
43539
14051
77190
99889
22766
79375
54179
49742
4170
17310
84510
43609
42064
61285
84570
18929
24190
62966
28006
90068
73449
96101
38484
65022
27859
67248
92626
90901
52998
73120
6218
68587
96956
35434
29474
6855
82816
4390
14934
86263
87021
5002
46138
32317
27704
98089
94366
93665
83446
34403
83257
74387
98566
15616
46102
43631
20420
66143
20907
62570
10062
36698
18735
5493
97388
69654
51325
82626
91738
36312
75209
79139
90558
97081
34920
84372
54890
61734
54085
64658
22689
29261
39052
21228
59549
91990
44230
88439
57311
25376
63866
93769
56008
86397
72471
18177
96946
65854
79862
33603
88846
77836
19574
28842
40999
65035
8241
18567
22030
84326
11210
45791
5642
2710
58086
1162
40586
44027
77997
32692
26127
27888
94831
87217
81489
96557
18341
18444
45284
77414
27818
71299
75146
81194
98428
15933
11293
47831
8501
22072
28817
29932
92789
34196
98901
16394
61796
49757
49127
49130
69947
84507
89283
32163
77195
79806
31268
32189
78666
28218
36270
10917
38678
28254
60253
65028
13660
70972
97177
52265
78162
34462
3331
83731
42357
50424
21775
49024
54838
23390
77869
43882
4824
68128
84792
74996
62315
10594
30336
67471
26361
11124
15789
48062
7628
25248
56736
21997
17247
92886
12453
34592
49405
60942
17930
38190
93422
52753
9930
50595
7545
11221
95208
82951
82731
90271
64692
69859
69216
40091
93727
35248
15143
61000
57279
68175
90189
45395
95287
13583
33302
86006
69227
90735
22517
2146
92993
78541
17014
81488
91987
13710
32961
40172
22042
50663
5781
51758
3686
16676
3084
405
5094
76730
40673
12944
11838
62549
7956
98346
8461
28883
73176
22401
3190
20196
47107
12431
80665
27380
79437
35870
18812
41977
18043
52016
81345
37884
66288
41153
49970
96643
38303
73308
43904
64071
99717
60165
2903
36641
95383
5423
40357
60586
74826
95372
17639
34987
4128
82288
65507
94938
30886
13908
50880
5824
68163
69389
76863
30715
14319
71846
19940
11729
96440
23714
45390
3972
50386
90523
51599
36671
1250
88331
70563
63000
56953
2221
6630
69333
97540
39475
39473
2916
71448
62718
63770
68581
28058
97992
98308
30829
37443
50481
27539
37446
20687
94054
89392
7346
46189
67795
15626
92561
73572
57311
19050
36695
66895
51015
36838
22027
50070
69103
53450
19617
94677
92049
45223
62548
30548
56011
75611
91805
99554
32029
83575
9949
96048
16154
70854
24695
45901
89713
7786
56246
78398
44842
62708
12953
94320
33673
551
72950
93091
19252
57109
22479
33535
63201
65517
73651
47190
23899
87638
96685
34365
86221
16227
54856
14584
19398
80759
98050
43658
78403
34192
96852
51410
8310
66190
64499
16097
40149
44329
1576
76290
24427
9362
98621
17944
15788
31483
32713
72361
15412
68485
83247
96593
89457
96132
8717
92471
38051
14231
57200
31169
97874
84154
10497
95087
88306
42248
80353
83002
28409
17607
32666
33825
99551
44836
61912
7446
32728
65025
764
56956
62207
16395
38098
12360
75947
44795
77947
13038
96747
67119
70718
18320
54554
25700
24404
96331
82728
98013
19308
57930
79559
59185
46502
43506
21288
67886
4378
63079
44652
68890
89927
61228
86234
69386
12717
61016
34862
35871
72161
12179
3296
94837
42210
77470
21695
56480
14927
24596
21823
86490
30100
46123
79015
65390
78670
79611
16992
70782
27154
58824
26960
24484
11442
56487
80743
71653
54405
15761
45165
9281
41959
33280
8049
48312
64787
74628
88980
27271
83665
20719
39344
65782
55324
24440
59859
88891
56938
99618
71479
91830
40334
90217
1548
2512
96503
5910
14008
89727
48310
24486
19509
39464
51613
80780
93999
99437
38012
47624
88745
52123
3676
28289
59166
19670
54864
24595
72060
15326
97389
43633
15374
71085
4434
56938
70295
57527
42667
62708
35820
51001
54534
18295
97242
2372
33560
21915
84216
5938
59633
90065
4662
35217
58833
72504
94059
48225
5634
29236
45085
27070
93053
22051
14889
47278
78294
72847
95037
15587
1811
58660
79547
62473
44163
36735
13303
90452
13523
18565
44740
79526
11499
28363
42595
65178
13190
28912
67123
23022
22064
3766
46066
47812
15962
21717
80588
41779
74353
75190
13435
26273
45814
64112
29301
52853
18970
78256
96476
39063
15383
95918
85197
98118
36317
57346
1373
60032
80103
35036
78603
90987
64460
809
12911
88734
79480
96665
63781
24493
29992
43321
53930
4813
38893
11948
59980
97920
53911
76336
96635
22113
70746
3986
88213
47063
47304
410
24333
14993
35350
44996
89645
76731
65389
73157
89508
68632
13940
88518
69918
60262
5889
14815
94335
86818
84542
85889
49991
56529
77592
63384
6211
96040
98522
32756
5520
27287
64280
93663
27290
634
29624
14691
22847
85506
19846
89374
63217
25721
65314
78930
80581
5011
39304
11067
84166
5529
95827
5125
82942
36568
3154
38113
3233
36756
46344
557
71639
81339
96885
95443
36815
51504
9084
45128
20029
60025
84729
37381
94965
58630
88858
56
70202
26394
8643
36748
30705
3144
46976
19635
10790
35640
45440
58362
54477
65524
96390
6012
39012
82622
76758
30293
61869
12813
9853
19005
113
97376
89652
7254
50662
35594
3902
75513
48471
26523
769
9608
12104
88160
69533
90292
86126
1803
2098
93998
22016
43599
77083
8591
9938
90890
47361
8
71207
99981
1531
16250
16004
28577
90318
14051
94567
20531
71187
98361
22766
79722
30927
11360
70300
73624
25737
16786
54422
31476
19644
75089
30133
60935
2144
96709
99341
98079
13892
57084
161
98765
38636
39317
41385
51431
73879
59631
15986
25861
45422
16756
19812
80167
89233
90335
30113
42794
26657
74136
95472
1355
42094
64990
39265
21750
78719
95976
23383
93669
95693
35986
30213
76316
78535
13929
25920
37848
22947
33079
77683
73835
85257
44266
38926
90429
12875
14604
3276
47149
94610
42817
32128
18198
83431
45582
41917
8417
95408
77099
66196
3566
90438
15236
4720
22549
86266
29578
16736
41095
72038
31690
82971
34112
29531
90787
71097
39494
49213
37298
6915
54223
66491
94024
62651
82352
46296
98092
34299
11707
83388
85076
8819
38534
24967
93632
8214
73980
83239
90446
34980
10599
36282
76321
79057
1673
22466
17715
41292
48823
99077
81316
37988
437
20134
82062
98111
23253
10839
43751
84145
66883
50125
54006
44595
30158
18413
66985
85580
88608
43290
68490
54094
56523
92401
4292
16707
9418
70911
98593
2763
81130
11688
30266
92739
39577
27004
67719
22285
14534
836
2185
35361
82072
28708
78067
80535
36951
42036
6713
64759
11636
2791
68648
90419
63618
92803
39956
43688
6929
85408
47399
14209
10009
1586
59958
28121
64975
4235
1582
43278
32048
32348
1576
93356
77261
40986
15560
37278
79130
96454
71392
72375
4170
29901
11782
11824
32228
21745
34152
46126
31360
4599
21227
22561
35263
45766
63294
11039
28441
43872
99391
36348
35032
22578
94832
66878
10405
26478
12750
46
13070
10019
54919
4480
28570
95810
60062
97667
68819
64494
72383
94052
76289
4111
94213
28802
57697
1333
28974
10137
17763
55756
63377
76538
75539
39374
26758
38578
81483
11746
22047
76901
46140
85784
42795
51418
24108
95998
50084
80058
14667
96460
72487
90617
32914
52913
84293
40887
54620
98852
21038
19569
59338
88445
57096
60906
47927
81084
19344
68025
41538
20593
84927
64440
76789
32373
60034
2629
66162
93734
61092
98653
49337
68481
2064
84302
84059
33159
12430
54996
19102
98304
51595
37273
68578
60716
924
2868
62605
57345
22481
97001
77980
32067
52776
75692
97412
51230
70768
41238
94148
22204
18745
35569
17653
31148
56480
16020
57159
51508
29802
81620
36793
98447
34040
91594
13756
70155
87975
47710
39293
33718
49263
7298
74327
99315
30610
70579
37542
31351
72161
66309
52976
84132
99712
58836
52398
39914
56881
15930
87407
45785
91457
66448
15810
67459
88612
78929
81116
81369
13776
74957
69727
56477
420
8170
1045
13361
26975
30826
79682
50702
2445
32112
17006
95662
74917
85814
74865
82822
43900
46093
27258
34682
86765
84516
89351
30543
34
64630
70225
30665
3768
25151
91945
3775
61609
85620
70747
12374
61629
62246
55787
85369
77956
31479
46978
53549
98101
53951
63763
27996
32919
55839
28475
97880
57454
54570
96558
89846
4859
3125
16076
94258
58624
55954
12217
96848
68702
42738
62774
39001
84929
1029
63967
88167
41424
75938
94181
86582
55244
77964
68238
5845
30229
18029
35579
20715
38086
54550
29006
43860
86947
17808
49159
23673
61220
21942
42154
69662
62409
79352
63724
38168
44275
18072
21681
93222
47338
37618
10079
18959
94343
94430
69564
1239
45423
49638
85347
6693
54317
18805
40334
71539
43183
24526
10890
47803
28163
50343
12996
66186
82424
93278
8198
93665
60523
97461
85140
1765
9017
70992
62128
60267
58739
74247
50378
24614
17821
23212
76915
72974
36127
41574
62083
1290
85771
94580
34119
6529
48957
88993
46235
1489
55367
23283
65922
27591
55188
72201
46264
98580
48766
56577
4143
97877
53886
57236
66468
65323
36034
4563
86159
77289
16180
34436
50172
75474
44969
26093
14118
3876
56510
64313
86993
79778
64480
7165
71725
73068
69139
41429
59287
88688
15422
33169
76840
36910
12200
79040
18133
35115
48982
76033
62355
6842
2052
84904
85750
77631
12350
27891
33779
62528
71708
46220
95238
28312
93397
97422
75233
46485
77857
92709
84089
44917
75807
58278
50415
459
42536
17042
87850
45955
55317
83526
67972
54947
57138
21634
877
26672
20806
53200
39624
79875
14245
29313
6906
79262
59025
51698
71730
10033
51378
64720
125
84065
73331
87451
44364
77348
28298
79736
89793
59139
37416
76468
49555
56968
54138
64211
61424
39730
71929
1920
28542
66409
98635
20702
36692
42230
58898
77455
54551
24886
84412
89360
99720
76672
1116
47736
75671
41232
30412
41816
97966
44033
11356
47946
12878
3064
70160
47251
24270
51349
87658
75878
483
35119
25574
25747
50641
26839
45590
15047
56272
48004
47967
53883
51576
42842
61589
20628
8612
51434
89523
33870
36141
90707
75831
33885
97931
92784
31489
75506
65971
80066
23931
69240
14859
18338
34970
47714
13174
59726
80449
47297
58474
60540
94705
2406
87737
29087
43845
59201
65484
96533
56853
22077
3940
854
72165
57418
47609
78710
4892
15484
58382
96992
54731
38764
13793
94220
74739
74657
31942
10954
27093
6422
29717
39770
54906
11432
97636
3633
22061
54258
44966
30971
4024
84026
55384
38778
14217
65331
45885
85086
39956
1505
15168
74444
43684
92517
74647
35791
63417
56495
97786
41696
91730
63369
14033
11121
15078
25197
39140
97147
47956
14888
87916
10591
37140
76004
30054
79282
95668
38579
95743
73615
60680
40892
39900
49842
28421
51792
28300
82520
87062
29816
14798
95381
77687
66008
60521
47995
53898
86379
58199
39333
63695
24661
38260
22941
81066
7002
13200
14239
6086
42870
39437
12056
94255
42279
27161
67390
78122
83790
58616
10234
37906
87220
35500
98853
21075
28061
12203
83820
47795
10045
41282
39634
65932
93212
9646
22061
95880
61796
85278
53635
72285
67161
62602
42041
94159
67184
26214
19170
43451
39432
7164
41341
50807
8434
12008
53575
28979
19327
7318
45369
30257
77287
74131
36067
81165
68240
58178
75826
53094
32463
85231
99604
69680
95306
95556
19345
26362
3985
35374
10891
3633
26963
49940
85957
92127
8957
61248
57662
37140
81216
6752
97416
67317
79523
73717
94986
75996
61338
47011
78369
39487
35808
52834
70418
86763
39558
46876
78212
23225
65465
78437
47488
25559
966
31832
33289
22430
74629
3096
29922
5800
40580
31885
9741
68376
58903
80964
27100
13964
28865
27845
47253
99032
18241
77599
82787
44338
68864
72886
63258
27512
68315
74894
62233
65242
98366
52372
57656
82463
11894
19574
73611
2042
40119
22724
3868
24428
8587
60899
65911
37412
94344
24935
53962
8912
58557
7766
33936
9807
56226
90233
6327
37655
73066
4351
8910
77969
2284
90524
53631
84370
3508
33530
25629
77580
58361
66166
23069
77071
70218
32808
82913
20532
7144
88765
88399
3428
59428
76112
73977
98227
39740
5572
17468
52499
751
93411
84028
64204
95106
98735
4097
78572
90715
20712
48347
44154
55713
5073
71716
32073
57816
28049
79448
67546
71195
88188
15194
30570
74446
51311
63048
74132
16686
18744
82202
79366
36023
36736
53532
91381
83448
47640
86420
44537
91051
77953
58145
50816
92058
63085
82051
95690
97266
21628
8505
53327
99341
68888
9777
24031
37304
77960
51982
49453
81214
85944
88613
14726
55859
38595
11789
97343
29365
2495
9366
63989
92046
24540
77803
71426
8319
26295
13564
33038
26507
48891
28890
13065
47114
45838
52322
43181
23494
2745
68035
30820
49849
34753
30667
40314
56856
23144
16894
42248
31700
96332
38497
26994
12172
45995
28277
69462
51635
95295
72226
29441
1955
90670
94534
19930
50964
48768
77681
36941
71767
93573
50733
43805
31668
25842
85104
88119
96689
38283
64189
62440
79101
52075
94097
49676
94020
68720
41975
19427
47661
81877
18060
61296
7606
86799
10137
20948
10887
66588
17715
63489
74194
76544
73182
52554
20790
69747
52893
11865
5433
73046
68458
30743
26837
70374
2258
42053
93074
3763
23672
48541
12353
9346
33654
85514
35790
1694
32636
27625
19590
66245
26972
38825
75887
58095
66933
85592
52755
5994
38192
63653
69834
25409
76321
5891
88336
94136
83244
79064
79557
70971
38093
24783
11277
50743
88514
45148
73357
36862
19230
14056
94767
986
19313
35450
15787
51400
17960
12900
55732
22270
63254
11001
33301
95987
79567
62745
94835
98253
61452
35479
65508
65351
3270
77422
93781
83556
29853
85371
63232
38489
1635
5786
78051
90033
53921
73616
90492
4381
96629
59194
46106
97733
79990
22368
60303
32470
92709
82722
40634
70343
73521
84179
4169
15443
18095
9041
84380
59951
98520
2429
47701
64231
15065
90615
78386
28759
74429
14658
98483
11683
42135
30742
28905
14656
48881
96104
55075
60550
99974
75298
10237
88358
63170
48099
61408
92206
54500
47854
15153
27667
93628
66115
80271
38695
74925
74152
15441
36191
28686
73690
94097
1736
89868
17458
15396
12409
11695
28874
51169
18300
14214
1406
96614
47572
54010
63676
96566
71159
65912
69416
97925
13207
79605
73554
7153
29502
23407
58533
74463
90569
23482
19385
79500
1683
65485
61988
26209
30791
16082
74706
80655
88633
61148
75589
88234
39889
16632
49206
16014
7389
28342
76314
97535
99229
51101
62049
90880
92373
29215
22109
53186
10585
3712
94245
8094
34695
38970
36902
83222
4582
16072
75201
40296
14521
1633
18461
33342
23335
14413
39477
46453
40896
18981
47821
27297
26955
13486
65418
89438
4735
26661
46676
84676
38557
88995
96898
81478
41508
65872
67966
67680
59861
89978
98660
26210
18788
10434
24610
64667
62270
28467
72240
57258
58706
97158
51367
6571
29346
62904
651
60903
51554
406
55930
27361
47347
92891
60497
29102
22559
808
62527
91286
9341
85602
93662
35508
56408
86197
6956
71799
33581
60039
44320
18107
38417
21488
51509
68155
52064
14131
1559
40573
46977
20904
82855
70475
11479
69351
49281
82193
3807
97876
44435
97060
89192
15230
25127
98350
60579
19859
39507
46041
67140
28403
27220
46565
48957
7015
6164
18178
49306
39207
40152
31444
46080
74172
6241
95785
19530
46237
42706
82124
36534
33880
28018
49031
74661
71687
74360
47453
99066
99464
12386
21975
42890
88198
8724
66068
76756
61705
1466
92455
47496
67677
27471
29716
69485
93943
2072
63539
75993
5326
75494
34751
86148
27080
85796
2874
23401
16017
43158
77311
29449
14599
45893
21245
75395
25582
17537
72693
31099
29488
47736
71526
72236
23950
7394
63963
81047
16034
5036
40409
16264
18
61862
41901
97492
57732
16393
26127
17824
62507
60918
85250
4890
82311
26861
63443
81519
22367
32565
21270
85338
80510
13598
52630
82988
8974
6493
85431
13903
62890
53850
59643
34106
62021
5099
14324
47873
71767
87292
18749
4430
20243
57085
82669
19586
80251
92298
85039
95338
36340
60897
16359
73181
80590
37736
25507
31066
33241
46077
9798
97288
2137
44424
10292
4631
36851
37145
63870
75830
63546
26858
49926
4238
11257
27994
18874
32034
77005
30780
44138
16226
44013
34101
53119
4806
27434
53799
51516
45835
21578
22719
9685
80765
90501
82893
17061
67298
88721
41129
28865
36281
33371
62611
64623
63051
80576
88182
52037
29438
27446
78741
87738
45800
25267
87486
95016
78559
51725
54425
8086
22280
2264
24709
35403
20527
78157
24214
45027
45081
50693
64042
57874
6993
49822
97278
73945
7235
65374
1214
35926
11546
21927
77691
65106
59173
49493
4539
65034
11596
9335
20787
8192
43511
17086
67085
76490
41493
12508
60867
65255
69038
25829
21116
88091
7038
45622
16250
28897
40849
33932
99926
28036
99977
7027
5107
53121
58572
19366
42951
44804
88482
23398
17234
44421
46120
92155
88203
40534
99490
4620
10462
34860
64296
72442
57608
59906
96606
8261
14989
77864
16938
56567
91558
53997
7707
43097
10881
80253
89055
47162
59600
87252
30447
85559
66634
5106
49030
13046
39315
21185
64163
15218
99254
21364
37305
81649
23468
80147
71397
54870
54497
88792
13927
12226
29095
78700
80311
36493
90809
15846
88468
28930
52869
77529
55820
64828
60807
4452
10385
37216
1326
22984
81585
76106
92690
84179
93577
15533
98054
67273
51875
73309
58675
13760
76291
38437
55263
65097
5728
25598
98741
57172
12591
19652
68696
8307
66480
4858
89584
39803
15592
67936
80853
11089
35536
11994
36136
66258
31386
97368
47873
57001
51492
4019
14815
28523
1264
51523
46188
9418
90227
86290
21747
13301
28869
60492
94377
60354
81722
68850
83334
39407
223
87810
65892
35817
74516
49303
3457
36927
64025
69243
98478
40738
68019
27080
24577
92942
86495
77609
59466
35268
91405
63038
81657
20745
58828
5381
22356
8725
32421
47579
96679
48740
97699
22692
86538
52225
30030
16228
12427
39260
67507
38015
31519
95895
24336
38333
6185
54504
27623
9616
69557
36010
30381
91915
98193
79522
61683
23182
7949
15739
12382
34744
46038
14992
6328
3147
93273
54454
55845
28520
42065
91159
58802
30363
47708
72138
37741
72568
49654
75089
1582
69647
65084
17916
6380
30454
89162
94465
90463
8911
46391
36055
26278
31390
26070
25094
29004
78066
97069
44874
90358
14531
11206
64190
83252
33890
76243
61958
14687
14010
80636
22563
82808
82475
25202
33596
97067
35966
38823
2527
63895
18141
1633
28509
50412
25708
54843
54403
62154
88299
82712
10796
32404
68497
26572
44204
85487
90125
35494
1298
38645
10091
92865
75634
17908
27150
84393
78529
32583
74931
17002
64033
33023
20916
87908
92090
35099
10806
15581
82574
82174
25875
68764
87777
86093
51037
19246
15444
9676
20370
75109
61354
71680
33405
4320
70592
8740
67630
35553
53986
63061
82141
37607
48685
29712
15535
60055
62267
87250
70527
39470
96435
60785
22365
95018
99848
67029
43702
57853
98227
57831
31363
62931
10416
83601
14976
64295
33336
48306
12475
74976
56826
46624
81243
87767
4642
70515
30621
5741
25951
1410
90993
79596
62120
2004
98342
58168
96857
46582
14780
33591
4608
73313
45305
52028
417
94535
264
26033
27060
47775
84311
35420
752
30115
7781
18603
37475
60986
41954
8217
4180
7678
58522
53121
42697
3537
41279
74777
23389
77741
75435
75248
3309
7288
709
50559
26266
84743
5437
64102
55798
96651
82518
62621
79091
83483
41659
87715
86724
62297
35160
74130
30090
13983
66321
64238
26425
48358
84383
54587
56564
37150
30049
99806
74180
62268
3966
75300
76093
68080
99423
45320
42869
35635
1805
34630
90545
16811
75572
32278
78784
94128
94095
62457
80414
68634
10387
38940
24130
37019
78133
53607
35876
455
74015
18198
10499
33024
99979
18538
92660
21219
6369
81369
32134
40097
14143
87614
48478
35645
12742
36836
72255
11332
26244
40929
73722
11356
48868
28953
29223
61373
97384
56554
26602
77667
18954
36650
92243
67167
86588
66533
27063
57315
58058
33398
80529
14856
14528
8630
57826
32964
16409
32699
92446
89227
10364
17602
29150
16331
54420
76464
55259
45101
9163
47383
5536
59847
6643
23939
37187
3840
23635
38852
8311
69439
41689
91356
66150
13471
99394
60095
52579
12705
16064
12013
20810
33249
22721
90088
5077
43975
3591
57980
59183
17928
38266
58453
29008
35310
90881
52907
82310
53573
97766
31244
47070
94448
54913
92644
74448
49441
26524
75265
12026
53104
91772
6882
32719
77589
16430
9286
81116
79444
58556
58590
96854
37887
83913
22012
68774
88822
85364
32626
40995
31509
96896
55521
51987
92136
33116
56601
27052
70305
90030
40904
77789
32186
68025
95127
59593
48288
50086
37031
13107
37363
55003
43681
6135
29433
87972
69834
99397
60928
18178
65514
22828
17014
80517
61358
76020
34268
65433
96691
71823
14900
78838
4818
76350
98029
56585
13753
43477
63256
34505
52248
26777
33433
37211
98211
91720
1461
99287
64709
14066
45870
2022
94548
42075
13530
36365
76956
12433
79515
11493
90023
75261
79900
84830
77640
22201
42421
15468
12404
9001
23611
56816
28070
55200
31784
32550
94673
25192
52983
26556
7288
16468
10209
5126
4390
6570
48878
42773
51797
96696
90430
16507
37323
18619
46609
4512
35070
87209
22415
5353
49248
49072
98089
67565
72089
15627
1396
74855
17252
71897
32402
20597
33257
96445
32389
29535
11077
78150
1156
9809
26901
55095
51105
36865
43165
72793
29868
25140
79506
37348
23302
12817
98853
10397
87871
21738
13748
77015
11544
94122
88794
3842
25395
8777
33430
94520
36130
12617
47355
3328
1895
3366
83106
32403
50362
83676
62290
97597
93139
25500
48329
45940
77629
48708
28521
95562
85507
59613
6374
99240
47395
23260
58197
43078
4818
15448
37965
47421
2673
97178
84990
57727
3746
41817
5107
87521
5393
41732
2820
38219
37195
53235
93309
93864
33835
38758
3498
77395
65966
19964
67234
44486
78924
63304
65486
92947
7252
22293
69651
34369
90674
20873
63819
27428
23306
54428
80509
96831
10155
64170
59426
60650
57370
55239
75766
57600
43301
27374
25304
9884
60247
83426
33153
89982
33423
87335
6582
8579
99090
49390
49297
96921
3916
264
14958
99111
26280
907
79286
12292
2499
81409
50254
10780
71386
3683
79941
75781
98587
49575
10114
46828
64723
74171
40313
56729
84611
16788
58349
21980
68799
5103
23639
972
35876
36416
51735
67000
59323
39522
97405
63743
3223
96870
54312
15904
95770
10703
45272
78186
38599
3158
59484
79052
79686
92303
73433
27268
89057
92648
31152
31929
79826
28062
41588
3299
91997
76934
87282
29085
68076
35572
53322
54737
47272
46006
36855
82858
11530
73867
77266
13535
23052
38316
84602
58777
47813
86017
87019
72702
88413
85338
50965
61742
91723
64952
36014
27359
24928
2389
42139
12341
18388
54301
11372
87155
90679
70921
79575
77519
65136
66059
68879
80207
80777
8651
53347
17092
200
88232
89483
16012
49225
49399
15303
48709
77726
27711
4183
22328
41412
69521
73637
24446
3364
51611
13435
75776
25392
66419
31627
76820
7838
35699
12479
32057
71324
61087
37960
70563
28903
48422
20444
29368
874
39150
84707
79587
49930
43392
90432
34778
46100
60941
90155
81252
88123
36645
39683
61537
8580
11599
37858
78643
42842
55295
68509
39920
47420
83180
25329
95445
23273
79529
35999
54453
41797
15730
52487
16733
88499
25320
96357
83195
25335
76824
53277
22872
16301
10722
96799
93139
47340
29785
92944
47801
83498
75924
57236
36587
82216
71031
35025
50175
19948
11785
33989
95055
27633
95022
42542
29248
32793
55246
26056
16049
3452
34920
59215
54027
70373
49185
54939
40524
4724
28952
60433
59322
43589
60420
19530
12331
80261
79481
70179
78867
20577
96783
19689
14971
74497
15471
95469
22696
90797
91693
26131
27448
35988
4890
78175
91850
10524
22617
24234
80910
44544
57314
80808
5633
4479
9336
13380
18833
31598
86805
17766
74486
51274
77728
96461
27856
63109
56988
21648
14741
26572
95014
14083
77082
31184
34380
29929
54890
62053
77607
83673
8346
79778
46901
7701
39649
81836
74524
34177
89493
53105
92027
24945
14077
59530
46237
92798
39896
7294
13631
48109
36778
82825
34358
66673
29714
40878
68093
27739
64612
82546
24898
90354
95482
88613
11082
91307
68407
59606
5239
88849
92276
28977
26200
46989
97863
54543
15556
3378
20380
64004
51440
77109
31602
27997
21504
12331
31768
67638
80824
21892
11246
80173
34446
20412
49390
8883
63575
5921
88957
13962
26793
58206
57980
3554
70500
20353
67005
77541
316
81826
12516
85009
86554
87340
39332
63482
88128
70827
16888
55477
30498
22226
91095
48095
79675
284
42475
74035
3460
98655
92046
83491
68632
49004
37852
63022
22180
74460
91695
49534
5475
7668
81660
87219
53389
37775
95269
84207
83880
74061
9810
41389
99001
86068
95885
64459
35367
85892
59000
97129
54451
35332
57487
8983
71247
24409
44471
90603
21856
12095
7589
72872
67342
54480
39877
15327
70000
63796
7391
95414
26373
46711
20299
66456
22688
6589
60155
72620
99502
81099
64993
54735
47471
36782
52286
8905
17850
56854
77997
50236
25632
74212
72708
19384
32658
22379
75054
23950
4190
76397
20886
28066
18969
4095
12202
25212
86198
81152
6029
36307
70621
35785
760
69612
56563
41174
83399
39066
48400
18215
19803
87503
10006
84978
89411
45547
29989
82435
31510
58754
86350
469
98926
15956
81149
54105
91814
44726
64711
96402
29386
45947
43541
36590
49238
15686
52356
92057
27940
67125
68431
49351
78170
67355
79177
80445
32328
85804
2114
15219
30317
24882
50690
84680
99282
43401
64018
3200
24874
40940
22767
87912
46858
92551
96435
40116
94869
36083
21270
68338
94722
51957
79287
40576
93231
30951
61752
46276
76086
24556
84792
83333
88761
60913
99049
10948
65287
98493
71654
64482
43621
38935
4988
34106
70581
13194
77658
56554
25938
26268
13535
82773
7419
60857
53192
60427
7042
65757
657
15372
28044
96012
88937
95208
38669
40121
6289
49393
55844
56421
19899
61008
73749
41718
4453
54133
80750
37787
8022
85225
41254
74915
96193
99678
90451
27018
96151
36775
20618
95206
58426
17272
62406
91055
65121
65570
9261
39436
76509
6033
64947
33568
4631
66730
43504
94332
50761
84710
72520
40056
96805
93449
30583
83722
71165
3260
57981
27898
96678
75281
93048
72883
27508
62408
5454
28640
47380
7859
67288
16181
15374
48985
7335
84405
42341
78762
99916
19671
46570
36527
31271
55138
46922
94609
14584
22310
96276
62741
99577
35756
2730
68503
45945
71982
53934
75942
32046
30413
73018
90856
31648
99816
82569
32677
56052
90572
63829
84755
25870
53914
51511
28547
84215
92270
88839
43766
32664
72415
87653
55553
30205
25568
8619
47318
93930
39826
94556
28396
50626
40543
53821
4176
28733
69264
55120
83696
70568
7246
75463
8828
90884
97158
22932
96509
98072
30442
25631
95949
10531
16275
76745
32251
76095
26390
4066
71880
56469
88989
49011
26921
20979
41068
98607
90728
22860
62143
76770
66721
21784
87888
99194
15883
63083
84125
47773
70016
77255
82352
88821
53499
47986
83400
41149
67265
15138
98431
39227
30048
89667
12075
37670
60243
89017
31578
22987
56295
6583
59386
64460
52813
88587
45715
26403
8197
66015
11265
54816
67577
18345
97944
35262
59210
12075
18256
65788
33865
80088
65887
99429
44417
49339
63087
35061
4452
84830
79154
28983
83487
25948
98774
28184
34314
62996
87374
14359
91775
30409
46373
18093
42023
11445
81444
46603
64819
84631
41532
67045
90772
63252
77832
34271
49204
1176
60668
61883
12349
43413
16489
61423
21253
34493
72234
13212
19460
62834
6549
75806
99681
33893
87618
53212
30521
72005
47375
68668
81336
21828
28046
6585
37535
52019
44498
85660
10216
18958
4198
56970
75338
84943
54649
17468
86477
24407
10834
22947
99240
6243
29138
73052
