7764
7581
2860
5697
335
7686
8135
2522
1864
2361
1409
3993
9698
1913
3369
6541
6130
9840
7222
7878
8931
1733
3187
2387
2103
3210
5988
4973
6925
9104
6221
9339
9078
931
4372
1237
8776
1041
3769
9501
5281
7686
258
7551
5
3622
9942
2177
3359
4082
7679
6114
6379
5848
1253
8411
8118
6543
8207
3399
9059
5255
4912
3121
4348
4881
296
1216
901
7199
6233
3440
9428
1774
5339
4542
5901
1232
7921
3895
5829
2103
2393
2828
7340
8239
3749
2101
7415
495
7569
8675
4519
9195
7396
9043
409
7674
5981
8149
1880
6255
1484
9149
5715
8853
4587
8978
2440
3136
5780
4905
6286
6396
7545
5972
7493
1007
5381
6222
1098
1078
3491
9254
64
1263
6591
5335
8842
6517
5994
8246
3792
4581
2591
2680
2238
6566
5440
8693
9282
2503
3791
4503
5615
9173
3170
1445
137
1459
7822
8279
912
4129
6085
7546
2223
4279
1538
4387
5708
245
1429
8251
145
1258
4904
3062
5037
8976
2501
2816
6342
1231
1996
7257
3220
2291
5679
5728
8495
1072
3595
668
5039
5501
321
3838
9103
1038
2796
9746
244
3006
4544
8185
4162
5382
6295
6888
5975
8618
503
5643
7895
9007
1461
766
5177
9219
5573
5254
593
7047
4141
6506
8651
8757
3134
1617
7059
1728
5010
417
9357
1845
301
456
3879
4163
3598
2711
96
9558
194
9177
3948
178
326
5467
7365
1692
1361
1678
9616
8584
3854
8250
7019
1788
3589
311
8749
7325
923
9390
4522
9901
6301
3491
8726
1710
7706
9143
2172
4283
9695
5286
7729
3493
3069
1751
6743
6120
7850
180
3179
5522
7325
6068
8818
4818
3217
8196
7064
120
6641
1996
610
6866
381
9301
6213
1283
6405
2149
4224
3510
2930
8217
3406
9686
6640
9021
1126
3890
907
7236
8240
7394
5918
6155
7932
9374
9845
1754
6021
3924
7828
6409
7081
6922
6461
6637
6699
3392
1670
3404
3553
7284
2382
9181
9897
8277
9157
2109
6860
1222
9048
9984
2380
5185
3556
8488
5373
3335
2524
2240
5483
4001
5240
1360
6856
9443
6986
2397
3889
3727
8056
9384
8464
8361
284
1221
3461
7140
8055
88
1597
7868
8685
7072
5087
7173
4026
8757
3661
6547
8956
7427
2554
2022
6283
464
6055
7535
5392
8836
9127
2964
9741
8263
9095
4681
3740
6278
4609
5267
1603
4821
2276
885
2717
6031
9009
6861
3443
3278
9511
413
686
6915
1542
8781
1922
4022
1197
4924
6895
9358
1468
8522
1997
6938
6334
8130
283
9740
461
1193
3652
2816
3241
4336
2711
2553
6091
9913
1115
6153
4421
6188
9317
7194
5767
3820
1418
6969
1998
6149
6388
137
1773
7101
4243
8096
3021
6161
2556
9470
3501
397
7038
9323
433
8357
2348
1348
6303
8298
1904
9610
1818
3889
8084
5147
2110
2740
9675
3834
614
9809
2798
1444
8338
6234
1295
6235
8505
9894
1248
4129
5026
7157
2517
4287
1808
3231
531
9853
2050
1586
2294
9563
6781
9227
79
4286
6786
1778
3762
8954
4924
5747
3670
8585
2580
4711
3682
6450
2003
8583
2701
670
3017
702
2710
6489
8584
1562
2651
1953
9601
8054
7889
4320
6585
8337
7088
1230
8434
3783
8804
7729
7859
4661
8161
761
3770
6626
1803
6873
8840
4132
3185
9620
7588
5129
9946
4920
6801
6340
976
6300
2133
9814
6485
2387
5
6437
7136
2336
3543
452
6286
9629
7471
7221
3262
1601
5764
82
3395
9996
2818
8063
1860
3339
1147
9763
7708
1011
9773
1608
3339
2868
5102
2101
8142
8858
2381
6608
1240
1792
5152
4583
3397
6128
3222
3710
919
3978
784
1392
2098
5708
2115
5783
7951
1741
5304
2286
4062
1888
5876
7455
8935
6452
5821
5831
9713
1228
5445
8128
3109
5924
8526
9479
4736
6011
3278
5454
9171
8476
8979
5507
2531
6009
5727
9437
3545
2430
3637
4044
1096
2096
2790
7496
4332
2290
2212
7950
7726
8819
454
2595
6763
4258
5967
3349
1316
4910
7786
1163
825
8594
276
3866
7051
5651
7326
1391
3809
7035
5933
9268
4172
1185
480
3200
6836
9219
9300
6438
7554
7753
7948
4890
5010
1541
7857
7865
9154
2029
9687
2235
6969
6569
5801
7212
7336
4754
5371
8359
8806
3590
8100
5261
2929
5913
8965
2278
1543
7455
3368
668
9229
8945
3451
9305
841
623
4967
1274
9831
7780
2054
6171
1555
596
3610
5505
5901
7252
9052
4958
3868
182
411
7142
6083
4147
4325
7633
9006
6831
34
3750
7028
8887
5539
5351
5431
8612
1353
8351
4959
471
3512
6643
7410
5533
2544
423
6885
4979
3906
2916
1327
5450
8510
6682
5342
3781
4110
7150
6702
2019
5746
599
7706
4682
2998
7757
930
9088
9508
849
1618
3102
8331
1638
1896
4477
1385
7727
3888
7189
3628
4883
3440
8952
4322
5991
7931
6843
1824
8302
614
5730
8743
9701
4610
5378
5134
5390
2989
7160
328
8180
3563
5741
405
5090
6559
5648
8093
8081
6928
3281
91
8052
8866
8029
1446
6008
6608
9500
7117
7681
1731
3780
2223
7282
1955
9706
6099
966
5120
1616
3146
3670
6746
2087
4909
7417
5412
3852
7571
631
2428
1061
2298
501
4311
9675
1558
9218
732
5616
3317
2168
6719
1298
6749
8896
9605
3587
2790
3015
4214
4490
4777
7272
9544
7235
229
7601
8844
2861
8343
688
2073
5381
8568
6697
5650
8882
45
934
5631
9245
612
502
7031
1426
615
5100
531
8094
318
1159
98
4716
7346
5064
4472
8874
5974
8062
3638
7184
7505
5713
5211
2517
8245
7069
3729
4775
4393
7512
2249
1463
5471
6949
6148
8806
2375
5384
5999
7371
5733
7868
4230
1372
4451
7583
124
1945
6367
799
5644
8676
7922
9672
544
199
4281
8286
3910
4294
8165
4624
7589
2646
1
993
2157
2790
5946
6785
474
7584
4534
9077
7118
3763
1509
3748
9656
9324
5576
92
8835
3888
7901
1150
2031
2789
